qseqid	sseqid	pident	length	mismatch	gapopen	qstart	qend	sstart	send	evalue	bitscore
NW_013657681.1:2859451-2859883	NC_014778.1	81	379	62	10	2	375	23700845	23701218	4.93e-77	292
NW_013657681.1:3142010-3142916	NC_014779.1	77.28	876	184	10	16	888	76961303	76962166	1.63e-139	501
NW_013657681.1:488016-488354	NC_014779.1	89.8	196	20	0	143	338	126025791	126025596	6.44e-65	252
NW_013657682.1:1911551-1912164	NW_003338833.1	82.36	601	104	2	5	604	1189034	1188435	8.36e-146	521
NW_013657684.1:1237068-1237246	NC_014777.1	77.65	179	37	2	1	179	128042012	128042187	2.59e-21	106
NW_013657684.1:1441-1572	NC_014779.1	86.05	129	18	0	4	132	15587213	15587085	1.76e-31	139
NW_013657684.1:1567554-1567816	NC_014778.1	84.77	256	37	2	9	263	30607452	30607198	3.76e-66	255
NW_013657684.1:454613-454790	NW_003338765.1	83.76	117	19	0	57	173	383976	384092	5.53e-23	111
NW_013657684.1:467539-468320	NW_003338765.1	88.42	190	22	0	552	741	88364	88553	7.3e-58	230
NW_013657685.1:2114044-2115813	NW_003339470.1	83.63	1772	286	4	1	1770	102368	100599	0	1663
NW_013657686.1:1034350-1035604	NC_014781.1	76.21	1257	245	39	1	1221	27808012	27809250	7.8e-174	616
NW_013657687.1:1973384-1974985	NC_014779.1	89.55	1608	156	6	1	1602	47148309	47149910	0	2028
NW_013657687.1:197564-197779	NC_014778.1	89.35	216	23	0	1	216	30234480	30234695	2.99e-71	272
NW_013657688.1:1042316-1042813	NC_014781.1	87.75	490	57	2	12	498	33750930	33751419	2.36e-160	569
NW_013657688.1:2541208-2541372	NW_003339413.1	91.77	158	13	0	2	159	115821	115978	8.05e-56	220
NW_013657690.1:988012-989571	NC_014781.1	77.58	330	60	7	190	508	15419028	15418702	9.05e-45	187
NW_013657696.1:2069514-2069705	NW_003340494.1	85.64	188	27	0	5	192	1267	1080	4.48e-49	198
NW_013657697.1:1044034-1044158	NC_014777.1	85.71	126	16	2	1	125	105614455	105614331	2.76e-29	132
NW_013657698.1:1230003-1231373	NC_014776.1	74.74	974	198	25	208	1181	236827415	236826490	1.57e-106	392
NW_013657698.1:162073-162369	NW_003339014.1	74.85	326	48	21	1	297	727613	727933	2.12e-24	117
NW_013657699.1:1060900-1061085	NC_014781.1	89.78	186	19	0	1	186	7606091	7606276	2.56e-61	239
NW_013657701.1:471148-472880	NC_014777.1	74.88	1664	390	23	6	1649	147337600	147339255	0	732
NW_013657701.1:920766-920930	NC_014776.1	86.67	165	22	0	1	165	212727083	212726919	1.06e-44	183
NW_013657702.1:1516302-1517441	NC_014781.1	79.69	1167	198	28	1	1140	73717176	73716022	0	806
NW_013657704.1:1695005-1695788	NC_014776.1	86.61	784	102	1	1	784	231965927	231966707	0	863
NW_013657705.1:1107077-1107215	NW_003338740.1	86.03	136	19	0	4	139	10590926	10591061	1.12e-33	147
NW_013657707.1:1350365-1350494	NC_014781.1	81.39	129	24	0	1	129	9323153	9323281	1.76e-21	106
NW_013657707.1:1350365-1350516	NC_014781.1	80.92	152	29	0	1	152	9323153	9323304	7.61e-26	121
NW_013657707.1:1989951-1990181	NW_003339375.1	84.61	195	28	2	38	231	143865	143672	2.58e-47	193
NW_013657708.1:1639247-1639417	NC_014779.1	85.26	156	19	4	18	171	15287214	15287061	6.68e-37	158
NW_013657708.1:1771650-1771826	NW_003339045.1	86.21	174	23	1	3	175	109905	110078	8.88e-46	187
NW_013657709.1:1553836-1554461	NW_003338743.1	83.2	631	96	8	1	626	1279673	1279048	3e-160	569
NW_013657709.1:1606785-1606929	NW_003338743.1	83.09	136	20	2	10	145	1228488	1228356	7.18e-26	121
NW_013657709.1:1697030-1699353	NW_003338743.1	79.92	1180	196	25	1162	2324	1144608	1143453	0	828
NW_013657709.1:706299-707171	NC_014776.1	85.47	874	123	2	2	873	47883421	47882550	0	907
NW_013657711.1:1627059-1627303	NW_003338867.1	86.53	245	33	0	1	245	758175	758419	1.24e-70	270
NW_013657711.1:1631981-1633671	NW_003338867.1	85.15	1697	240	8	1	1691	761800	763490	0	1727
NW_013657711.1:1634961-1635242	NW_003338867.1	83.69	282	43	1	1	282	763606	763884	2.43e-68	263
NW_013657711.1:1635942-1636208	NW_003338867.1	84.47	264	41	0	1	264	764793	765056	8.22e-68	261
NW_013657711.1:1687803-1688081	NW_003338867.1	86.74	279	37	0	1	279	823006	823284	8.45e-83	311
NW_013657711.1:1697106-1697384	NW_003338867.1	85.31	279	39	2	2	279	833300	833577	1.42e-75	287
NW_013657711.1:1802884-1803023	NW_003338867.1	84.17	139	22	0	2	140	918386	918524	2.46e-30	135
NW_013657711.1:1833254-1833556	NW_003338867.1	82.83	297	49	2	5	300	951087	951382	7.31e-69	265
NW_013657711.1:1861900-1862202	NW_003338867.1	86.47	303	41	0	1	303	980200	980502	1.98e-89	333
NW_013657711.1:1896218-1896505	NW_003338867.1	86.01	286	40	0	3	288	1017453	1017738	1.13e-81	307
NW_013657711.1:1897016-1899082	NW_003338867.1	86.04	2070	283	5	1	2067	1019843	1021909	0	2217
NW_013657711.1:1911527-1911832	NW_003338867.1	84.17	297	47	0	1	297	1032934	1033230	4.38e-76	289
NW_013657713.1:1634153-1635298	NW_003343260.1	80.16	1149	200	19	21	1146	5916	4773	0	833
NW_013657713.1:236336-236494	NC_014778.1	85.06	154	21	2	7	159	185022140	185021988	2.2e-36	156
NW_013657713.1:801972-802211	NC_014776.1	83.26	239	38	2	3	240	129099133	129099370	4.45e-55	219
NW_013657715.1:1096648-1096877	NC_014776.1	87.39	230	29	0	1	230	138346978	138347207	5.37e-69	265
NW_013657719.1:1052653-1052834	NC_014779.1	81.94	155	23	4	5	155	108910564	108910411	2.03e-27	126
NW_013657723.1:770489-770687	NC_014777.1	85.54	166	24	0	34	199	86736873	86737038	7.88e-42	174
NW_013657725.1:1318764-1321202	NC_014781.1	84.19	2435	374	7	9	2439	80527080	80529507	0	2353
NW_013657725.1:1385770-1388997	NC_014781.1	81.22	3249	566	23	2	3228	80601025	80604251	0	2580
NW_013657725.1:582093-582449	NC_014781.1	82.51	343	55	5	1	340	79832081	79832421	3.1e-78	296
NW_013657726.1:650025-651095	NC_014777.1	76.55	938	184	22	1	908	28927300	28928231	2.52e-133	481
NW_013657727.1:1005580-1005760	NW_003339105.1	84.88	172	18	6	11	181	314395	314559	1.19e-39	167
NW_013657727.1:732961-733110	NW_003339033.1	90.55	127	12	0	24	150	7035	7161	2.64e-40	169
NW_013657727.1:993784-993935	NW_003339105.1	92.11	152	12	0	1	152	306892	307043	3.39e-54	215
NW_013657728.1:255034-256468	NW_003338773.1	79.53	1407	267	13	20	1417	248722	250116	0	983
NW_013657728.1:738275-738399	NW_003342882.1	89.6	125	13	0	1	125	131	255	1.26e-37	159
NW_013657728.1:743605-743800	NW_003342882.1	86.29	197	23	3	2	196	7658	7852	5.9e-53	211
NW_013657730.1:1725943-1726090	NW_003339586.1	85.14	148	22	0	1	148	80084	80231	2.61e-35	152
NW_013657738.1:1762898-1763046	NW_003339580.1	90.6	149	14	0	1	149	55338	55190	3.34e-49	198
NW_013657739.1:1007756-1007897	NW_003339403.1	80.16	126	20	5	14	136	148884	149007	1.97e-16	89.8
NW_013657739.1:1019992-1020145	NW_003339403.1	86.36	154	21	0	1	154	162593	162746	2.72e-40	169
NW_013657739.1:1035515-1035707	NW_003341080.1	87.05	193	25	0	1	193	13469	13277	3.46e-55	219
NW_013657739.1:1082013-1082189	NW_003340202.1	85	100	14	1	79	177	19735	19834	1.19e-19	100
NW_013657739.1:732791-733135	NW_003340285.1	84.68	346	49	3	1	344	1889	2232	3.78e-92	342
NW_013657739.1:751039-751242	NW_003339768.1	89.22	204	22	0	1	204	46553	46350	2.82e-66	255
NW_013657739.1:753513-753690	NW_003339768.1	84.46	148	23	0	1	148	20223	20076	1.52e-33	147
NW_013657739.1:757121-757328	NW_003339768.1	84.69	209	30	2	1	208	14525	14318	8.18e-52	207
NW_013657739.1:772162-772425	NW_003339238.1	84.74	249	38	0	8	256	286805	286557	1.76e-64	250
NW_013657739.1:813202-813449	NW_003339238.1	86.34	183	25	0	1	183	184097	183915	1.67e-49	200
NW_013657739.1:813202-813504	NW_003339238.1	86.34	183	25	0	1	183	184097	183915	2.09e-49	200
NW_013657739.1:968055-969234	NW_003339403.1	94	50	3	0	1131	1180	102856	102905	1.54e-11	76.8
NW_013657742.1:1483122-1486502	NW_003338745.1	72.23	1523	336	59	10	1511	2904418	2902962	5.06e-105	388
NW_013657742.1:1487731-1487963	NW_003338745.1	88.84	233	26	0	1	233	2900923	2900691	1.16e-75	287
NW_013657742.1:1500187-1501917	NW_003338745.1	79.82	1754	317	28	4	1731	2879402	2877660	0	1243
NW_013657742.1:1659675-1659918	NW_003339275.1	89.36	235	25	0	1	235	259304	259538	2.04e-78	296
NW_013657742.1:1671942-1672080	NW_003339275.1	87.77	139	17	0	1	139	272158	272296	1.12e-38	163
NW_013657743.1:754283-754412	NW_003339165.1	87.13	101	13	0	1	101	185398	185498	2.92e-24	115
NW_013657745.1:65728-66000	NC_014780.1	85.98	271	38	0	3	273	67459290	67459560	1.07e-76	291
NW_013657746.1:1163747-1164252	NW_003338823.1	85.18	506	75	0	1	506	144983	144478	2.45e-145	520
NW_013657749.1:109065-109278	NW_003338883.1	80	210	42	0	5	214	1042000	1041791	3.1e-36	156
NW_013657750.1:1678453-1678620	NC_014777.1	80.36	168	33	0	1	168	79461236	79461403	5.13e-28	128
NW_013657752.1:759979-760137	NC_014781.1	84.18	158	25	0	2	159	69956196	69956039	7.92e-36	154
NW_013657753.1:1373814-1374218	NW_003339438.1	85.86	403	55	2	4	405	55301	55702	1.2e-117	427
NW_013657753.1:319961-320112	NW_003339367.1	89.33	150	16	0	3	152	182953	183102	2.06e-46	189
NW_013657756.1:216527-216661	NW_003339605.1	92.19	128	10	0	2	129	51134	51261	2.97e-44	182
NW_013657756.1:272991-273127	NW_003340006.1	87.31	134	17	0	4	137	3726	3593	6.6e-36	154
NW_013657756.1:273613-273739	NW_003340006.1	85.83	127	18	0	1	127	1152	1026	2.17e-30	135
NW_013657756.1:309827-310005	NW_003339574.1	88.27	179	21	0	1	179	72494	72316	4.13e-54	215
NW_013657756.1:419262-419494	NW_003339288.1	86.17	188	26	0	46	233	164723	164536	1.2e-50	204
NW_013657758.1:1256767-1256928	NW_003339240.1	90.74	162	15	0	1	162	175331	175492	1.02e-54	217
NW_013657758.1:1260245-1260466	NW_003339240.1	88.32	214	23	2	8	220	187360	187572	3.1e-66	255
NW_013657758.1:1388483-1388705	NW_003339567.1	87.44	223	24	4	1	221	38979	38759	1.12e-65	254
NW_013657758.1:1399920-1400142	NW_003339567.1	85.14	222	31	2	1	221	38979	38759	2.45e-57	226
NW_013657758.1:726924-727159	NW_003338748.1	85.28	231	32	2	7	236	2310820	2311049	1.21e-60	237
NW_013657759.1:1040493-1044163	NW_003338897.1	79.49	1102	190	21	2599	3670	389247	390342	0	750
NW_013657762.1:1388130-1388275	NW_003340613.1	89.04	146	16	0	1	146	9062	9207	3.28e-44	182
NW_013657762.1:1575675-1576228	NW_003339155.1	85.88	85	12	0	458	542	231849	231933	2.51e-16	91.6
NW_013657763.1:436036-436176	NC_014779.1	91.37	139	12	0	3	141	99905941	99906079	5.22e-47	191
NW_013657766.1:1213923-1214423	NC_014779.1	76.18	466	100	7	3	458	105611132	105611596	9.84e-60	235
NW_013657766.1:776355-776935	NC_014777.1	78.59	453	85	10	18	464	93020383	93020829	8.71e-76	289
NW_013657767.1:988509-990274	NC_014781.1	75.75	1806	367	44	1	1748	4293961	4295753	0	843
NW_013657767.1:991431-991732	NC_014781.1	77.89	303	62	4	1	302	4296993	4297291	2.1e-44	183
NW_013657767.1:992912-994831	NC_014781.1	94.56	92	5	0	1829	1920	4300872	4300963	2.46e-31	143
NW_013657768.1:104213-105002	NW_003338842.1	84.18	790	124	1	1	789	977377	978166	0	765
NW_013657768.1:1378065-1378226	NW_003339464.1	83.94	137	20	2	27	162	950	1085	1.37e-28	130
NW_013657768.1:1460153-1460287	NW_003339346.1	93.18	132	9	0	4	135	53146	53015	3.82e-48	195
NW_013657768.1:1467017-1467154	NW_003339346.1	78.01	141	23	6	3	138	26273	26410	3.19e-14	82.4
NW_013657768.1:1468548-1468743	NW_003339346.1	86.08	194	23	4	5	196	33575	33766	2.74e-51	206
NW_013657771.1:1447986-1448212	NW_003338851.1	80.95	231	36	5	1	227	1633439	1633665	2.55e-42	176
NW_013657771.1:25187-25422	NW_003338804.1	85.23	237	33	2	1	236	213897	214132	2.59e-62	243
NW_013657773.1:552062-552276	NW_003338834.1	83.8	216	33	2	1	215	667294	667508	1.1e-50	204
NW_013657774.1:1022274-1023197	NC_014779.1	85.95	925	128	2	1	924	117461389	117460466	0	987
NW_013657775.1:1139716-1139897	NW_003338774.1	79.66	177	30	5	9	182	1694267	1694094	2.62e-26	122
NW_013657777.1:1182598-1182837	NW_003339728.1	84.58	240	37	0	1	240	20715	20476	3.42e-61	239
NW_013657777.1:1184269-1184416	NW_003339728.1	83.11	148	25	0	1	148	17860	17713	2.63e-30	135
NW_013657777.1:122207-122371	NW_003338788.1	86.67	165	22	0	1	165	1613825	1613661	1.06e-44	183
NW_013657782.1:1064485-1064976	NC_014776.1	78.48	395	79	4	27	417	180381865	180381473	2.66e-65	254
NW_013657784.1:455134-456294	NW_003339035.1	74.83	1180	247	34	4	1161	114684	113533	1.64e-135	488
NW_013657785.1:126974-127162	NW_003339085.1	89.42	189	20	0	1	189	439177	439365	2.59e-61	239
NW_013657785.1:1353002-1353231	NW_003338855.1	81.78	214	39	0	9	222	438015	438228	2e-43	180
NW_013657785.1:160834-160977	NW_003339085.1	85.42	144	21	0	1	144	480033	480176	9.08e-35	150
NW_013657785.1:81349-81884	NW_003339085.1	76.4	428	78	16	1	415	311758	312175	6.4e-52	209
NW_013657786.1:1053450-1053636	NC_014782.1	88.77	187	21	0	1	187	2863858	2864044	1.54e-58	230
NW_013657787.1:878019-878592	NC_014777.1	87.11	574	74	0	1	574	120523640	120523067	0	651
NW_013657788.1:374438-374689	NC_014780.1	81.6	250	44	2	4	252	15571839	15571591	3.66e-51	206
NW_013657789.1:1417079-1417457	NC_014776.1	84.23	279	44	0	101	379	139500318	139500040	5.57e-71	272
NW_013657793.1:1248935-1249128	NC_014781.1	84.9	192	29	0	3	194	20398420	20398229	5.87e-48	195
NW_013657794.1:826121-826257	NC_014777.1	86.28	102	14	0	1	102	113424504	113424605	4.03e-23	111
NW_013657801.1:1298046-1298266	NC_014781.1	82.27	220	39	0	2	221	70849094	70849313	8.83e-47	191
NW_013657801.1:1316851-1317071	NC_014781.1	82.27	220	39	0	2	221	70849094	70849313	8.83e-47	191
NW_013657801.1:1333617-1333837	NC_014781.1	84.02	219	31	4	5	221	70849097	70849313	8.77e-52	207
NW_013657801.1:756312-756809	NC_014778.1	80.41	485	95	0	3	487	33583467	33583951	2.57e-100	370
NW_013657803.1:752654-753376	NW_003338911.1	82.21	725	122	5	1	723	1070887	1070168	1.23e-174	617
NW_013657803.1:758223-758505	NW_003338911.1	84.45	283	44	0	1	283	1068555	1068273	2.42e-73	279
NW_013657804.1:1265067-1265191	NW_003339017.1	89.34	122	13	0	1	122	313790	313911	5.88e-36	154
NW_013657807.1:978077-978344	NC_014780.1	78.23	271	35	18	1	268	143961278	143961527	5.18e-35	152
NW_013657808.1:836328-836523	NW_003338798.1	79.08	196	41	0	1	196	408723	408918	3.65e-30	135
NW_013657810.1:1311685-1312343	NC_014780.1	88.08	663	74	3	1	659	26126694	26126033	0	782
NW_013657813.1:637442-637641	NC_014778.1	86.57	201	25	2	1	200	38279602	38279403	1e-55	220
NW_013657814.1:786437-786595	NC_014777.1	83.12	160	21	5	3	159	134190952	134190796	6.17e-32	141
NW_013657815.1:823675-823878	NC_014781.1	84.41	186	28	1	1	185	19293521	19293706	4.85e-44	182
NW_013657818.1:1310878-1311009	NC_014776.1	90.77	130	10	2	4	132	244465980	244465852	1.74e-41	172
NW_013657818.1:1310887-1311009	NC_014776.1	90.32	124	10	2	1	123	244465974	244465852	3.44e-38	161
NW_013657819.1:1087793-1087997	NC_014776.1	87.3	126	16	0	4	129	235698004	235697879	6.39e-33	145
NW_013657824.1:905477-905625	NW_003338876.1	81.92	94	11	5	31	121	171682	171592	5.86e-12	75
NW_013657824.1:946125-946377	NW_003338876.1	89.72	253	26	0	1	253	137891	137639	9.73e-87	324
NW_013657829.1:1543137-1547962	NW_003339066.1	82.11	1682	279	17	3129	4794	330491	328816	0	1419
NW_013657830.1:1005461-1005881	NC_014776.1	76.68	416	84	11	4	411	219292862	219292452	8.23e-55	219
NW_013657830.1:1232783-1232993	NW_003341902.1	79.51	205	36	5	10	211	4837	4636	8.55e-32	141
NW_013657831.1:1286651-1288639	NW_003341319.1	81.57	2024	327	24	1	1989	1973	3985	0	1629
NW_013657834.1:104930-105075	NC_014781.1	86.3	146	20	0	1	146	66607393	66607248	1.54e-37	159
NW_013657835.1:457106-457969	NC_014779.1	83.43	869	135	8	3	864	129285144	129284278	0	798
NW_013657836.1:1185937-1186093	NW_003338877.1	80.89	157	30	0	1	157	749402	749558	6.12e-27	124
NW_013657840.1:543142-543360	NW_003340584.1	86.85	213	26	2	8	219	10722	10933	1.11e-60	237
NW_013657843.1:45284-45454	NW_003339028.1	85.38	171	25	0	1	171	314898	315068	5.13e-43	178
NW_013657844.1:73132-73428	NC_014777.1	76.19	210	49	1	46	255	197957727	197957935	3.54e-22	110
NW_013657844.1:73614-73908	NC_014777.1	81.17	239	43	2	58	295	197949811	197950048	1.22e-46	191
NW_013657844.1:74315-74601	NC_014777.1	78.81	269	55	2	20	287	197949777	197950044	2.56e-43	180
NW_013657844.1:76936-77226	NC_014777.1	77.45	204	40	4	59	259	197957745	197957945	2.07e-24	117
NW_013657844.1:78806-79090	NC_014777.1	78.82	203	33	7	52	249	197957744	197957941	9.35e-28	128
NW_013657844.1:79287-79565	NC_014777.1	77.73	220	43	5	27	243	197957725	197957941	2.54e-28	130
NW_013657845.1:116465-116603	NW_003338831.1	84.13	126	18	2	1	125	754541	754665	6.82e-26	121
NW_013657851.1:443397-443729	NC_014776.1	80	340	41	16	1	328	223343482	223343158	3.83e-57	226
NW_013657851.1:979497-979647	NW_003338964.1	87.68	138	17	0	1	138	376783	376920	4.45e-38	161
NW_013657853.1:934858-935114	NC_014780.1	79.33	237	45	4	4	238	10225843	10225609	2.28e-38	163
NW_013657856.1:548076-548219	NC_014777.1	90.97	144	13	0	1	144	140431385	140431242	4.14e-48	195
NW_013657857.1:1106208-1106473	NC_014776.1	90.23	266	26	0	1	266	244009270	244009005	6.11e-94	348
NW_013657859.1:1093958-1094083	NW_003338834.1	86.46	96	13	0	1	96	41099	41194	1.69e-21	106
NW_013657862.1:595611-595731	NC_014777.1	91.74	121	10	0	1	121	17981653	17981773	2.02e-40	169
NW_013657862.1:601385-601531	NC_014780.1	89.04	146	16	0	1	146	135521705	135521850	3.3e-44	182
NW_013657862.1:864071-864403	NC_014777.1	87.69	333	38	1	1	333	673429	673758	5.96e-105	385
NW_013657864.1:885132-885319	NW_003339034.1	88.3	188	22	0	1	188	602486	602673	2.01e-57	226
NW_013657864.1:908702-909014	NW_003339644.1	79.21	303	51	7	8	298	47806	48108	2.17e-49	200
NW_013657866.1:333546-333814	NW_003338759.1	85.82	268	38	0	2	269	2040965	2040698	4.92e-75	285
NW_013657869.1:833432-833578	NC_014781.1	86.99	146	19	0	2	147	68509907	68510052	3.33e-39	165
NW_013657869.1:91017-94281	NC_014781.1	89.37	3263	341	4	1	3260	67729380	67732639	0	4098
NW_013657871.1:893726-894007	NC_014776.1	79.92	259	50	2	25	282	93323864	93324121	4.18e-46	189
NW_013657872.1:168656-168867	NW_003339414.1	83.65	208	32	2	6	212	85005	84799	6.51e-48	195
NW_013657872.1:309582-310046	NW_003339762.1	80.53	457	89	0	9	465	42602	43058	8.65e-95	351
NW_013657872.1:411969-412102	NW_003339121.1	88.55	131	14	1	4	134	154687	154816	4.97e-37	158
NW_013657872.1:421704-421891	NW_003339121.1	88.89	189	19	2	1	188	166703	166890	4.31e-59	231
NW_013657872.1:838116-840120	NC_014776.1	82.27	1991	323	20	5	1985	197789471	197787501	0	1694
NW_013657874.1:929775-930006	NW_003338743.1	81.97	233	40	2	1	232	1046064	1045833	2.01e-48	196
NW_013657877.1:1431469-1433551	NW_003339124.1	86.54	104	12	2	1143	1246	29000	29101	2.09e-22	113
NW_013657877.1:1440213-1440482	NW_003339124.1	86.47	244	33	0	1	244	48641	48884	4.97e-70	268
NW_013657877.1:1461423-1461555	NW_003339124.1	92.48	133	10	0	1	133	91103	91235	4.85e-47	191
NW_013657877.1:1461861-1461986	NW_003339124.1	88.24	119	14	0	1	119	93194	93312	1.29e-32	143
NW_013657877.1:1468016-1468244	NW_003339124.1	92.77	83	6	0	144	226	102275	102357	1.22e-25	121
NW_013657877.1:1473074-1473208	NW_003339124.1	88.15	135	16	0	1	135	114194	114328	3.87e-38	161
NW_013657878.1:1028651-1028801	NC_014776.1	88.81	134	15	0	1	134	207175328	207175461	3.44e-39	165
NW_013657879.1:896334-897812	NW_003338862.1	83.7	1479	232	8	1	1476	336172	334700	0	1387
NW_013657885.1:166406-166566	NW_003339796.1	93.79	161	10	0	1	161	14804	14644	1.67e-62	243
NW_013657886.1:1152991-1153531	NC_014780.1	77.26	563	99	22	1	541	85003358	85003913	2.88e-80	303
NW_013657886.1:354797-355303	NC_014776.1	74.13	344	57	18	105	439	175185079	175184759	4.87e-23	113
NW_013657886.1:383842-384038	NC_014776.1	88.95	172	17	2	27	197	175059581	175059411	5.93e-53	211
NW_013657888.1:313544-314780	NW_003338911.1	79.45	1241	249	5	1	1235	777116	775876	0	874
NW_013657889.1:395677-396486	NC_014779.1	84.61	799	123	0	1	799	132555490	132554692	0	795
NW_013657890.1:1144348-1144478	NW_003339164.1	85.61	132	17	2	1	131	241514	241384	6.29e-31	137
NW_013657890.1:121300-122031	NC_014779.1	81.25	736	133	5	1	732	130884081	130884815	2.71e-166	590
NW_013657890.1:304145-304294	NC_014779.1	90.82	98	9	0	1	98	131089171	131089268	3.46e-29	132
NW_013657890.1:471897-472041	NC_014779.1	92.03	138	11	0	8	145	131307084	131307221	4.17e-48	195
NW_013657893.1:422324-422457	NC_014778.1	82.96	135	20	3	1	134	31118514	31118382	2.34e-25	119
NW_013657899.1:598395-598594	NC_014776.1	85.5	200	29	0	1	200	227899806	227899607	2.17e-52	209
NW_013657900.1:430246-430382	NW_003338829.1	89.39	132	13	1	1	132	182113	182243	3.05e-39	165
NW_013657900.1:431092-431314	NW_003338829.1	91.32	219	19	0	5	223	182421	182639	1.42e-79	300
NW_013657900.1:509970-510128	NW_003338829.1	89.17	157	17	0	3	159	337129	337285	1.3e-48	196
NW_013657900.1:642752-643851	NW_003339461.1	86.78	1021	131	4	11	1029	126134	125116	0	1134
NW_013657902.1:585116-585304	NC_014779.1	86.24	189	26	0	1	189	155345692	155345880	2.63e-51	206
NW_013657904.1:235097-235278	NW_003342403.1	87.91	182	22	0	1	182	3755	3936	4.21e-54	215
NW_013657904.1:248799-249007	NW_003340225.1	89.95	199	20	0	7	205	10468	10666	8.05e-67	257
NW_013657905.1:356364-356569	NC_014778.1	84.88	205	31	0	2	206	101035285	101035081	8.09e-52	207
NW_013657908.1:439529-440110	NC_014783.1	80.56	504	90	7	1	500	527058	526559	1.4e-103	381
NW_013657910.1:430233-430475	NW_003339761.1	84.55	246	32	5	1	243	25472	25714	3.46e-61	239
NW_013657910.1:463379-464752	NW_003339761.1	81.26	667	104	13	718	1374	57964	58619	6.9e-145	520
NW_013657910.1:473120-473688	NW_003340145.1	81.06	565	82	23	15	569	18727	18178	1.73e-117	427
NW_013657912.1:898892-899077	NC_014779.1	88.11	143	17	0	3	145	70536393	70536251	9.48e-41	171
NW_013657916.1:904733-905677	NC_014776.1	73.9	456	119	0	103	558	85458966	85459421	7e-44	183
NW_013657917.1:245870-246315	NW_003338945.1	86.49	333	43	2	4	335	748890	749221	1.06e-98	364
NW_013657920.1:427126-427278	NW_003339027.1	85.52	145	21	0	9	153	436319	436175	2.72e-35	152
NW_013657920.1:940661-941580	NW_003339027.1	95	60	3	0	861	920	146405	146346	3.28e-17	95.3
NW_013657923.1:132800-133362	NW_003338800.1	88.59	263	29	1	1	262	44461	44723	1.07e-84	318
NW_013657924.1:480989-481258	NC_014779.1	80.86	256	44	5	8	259	74305099	74305353	2.38e-48	196
NW_013657924.1:480989-481816	NC_014779.1	78.67	830	165	12	8	828	74305099	74305925	8.76e-152	542
NW_013657926.1:475541-475801	NC_014780.1	84.74	249	38	0	13	261	8524179	8524427	1.73e-64	250
NW_013657927.1:33170-34606	NW_003338812.1	78.57	1465	265	34	2	1437	410998	409554	0	920
NW_013657928.1:366099-366410	NW_003338849.1	81.85	314	53	4	1	312	1467080	1467391	9.76e-68	261
NW_013657928.1:382824-383135	NW_003338849.1	83.12	314	49	4	1	312	1475947	1476258	2.08e-74	283
NW_013657928.1:390954-391265	NW_003338849.1	82.69	312	54	0	1	312	1495727	1496038	9.7e-73	278
NW_013657928.1:395195-395506	NW_003338849.1	83.71	313	49	2	1	312	1495727	1496038	9.63e-78	294
NW_013657928.1:400475-400786	NW_003338849.1	81.35	311	54	4	4	312	1506505	1506813	2.11e-64	250
NW_013657928.1:405101-405412	NW_003338849.1	83.65	312	51	0	1	312	1495727	1496038	9.63e-78	294
NW_013657928.1:407369-407680	NW_003338849.1	82.43	313	53	2	1	312	1495727	1496038	4.51e-71	272
NW_013657928.1:413012-413323	NW_003338849.1	83.71	313	49	2	1	312	1495727	1496038	9.63e-78	294
NW_013657928.1:418278-418589	NW_003338849.1	84.3	312	49	0	1	312	1510844	1511155	4.45e-81	305
NW_013657933.1:186448-186574	NC_014780.1	83.48	115	19	0	1	115	64536609	64536495	4.74e-22	108
NW_013657934.1:87194-88786	NW_003338879.1	81.64	1596	287	6	1	1593	122208	123800	0	1319
NW_013657938.1:665612-665750	NW_003338760.1	86.33	139	19	0	1	139	2220415	2220553	2.42e-35	152
NW_013657941.1:771931-772056	NC_014777.1	91.27	126	11	0	1	126	91154490	91154365	1.64e-41	172
NW_013657942.1:155715-155984	NW_003339316.1	85.56	270	39	0	1	270	156360	156629	1.78e-74	283
NW_013657942.1:248902-249174	NW_003339169.1	85.56	270	39	0	1	270	160831	161100	1.8e-74	283
NW_013657945.1:519521-519826	NW_003339323.1	79.69	256	52	0	51	306	75228	75483	5.92e-45	185
NW_013657948.1:538648-539769	NC_014776.1	85.25	1017	141	7	66	1079	44313877	44312867	0	1038
NW_013657948.1:571832-572023	NC_014777.1	80	110	20	2	68	176	6718089	6718197	1.69e-13	80.5
NW_013657954.1:104345-104489	NC_014778.1	88.98	118	13	0	3	120	85424968	85424851	1.19e-33	147
NW_013657956.1:138120-138319	NW_003338785.1	85.25	183	25	2	13	194	1108154	1108335	1.02e-45	187
NW_013657956.1:150454-150986	NC_014776.1	79.4	534	108	2	1	533	137422854	137423386	5.93e-102	375
NW_013657959.1:904973-905399	NC_014781.1	83.53	425	70	0	1	425	11522137	11521713	1e-108	398
NW_013657960.1:665243-665898	NW_003339187.1	76.78	211	45	4	417	625	233122	232914	1.78e-23	115
NW_013657960.1:846478-847020	NW_003339819.1	88.4	543	63	0	1	543	18118	18660	0	654
NW_013657961.1:384368-384549	NW_003339120.1	82.07	145	19	5	1	141	164234	164093	1.22e-24	117
NW_013657962.1:281279-281978	NW_003338954.1	87.89	702	81	4	1	700	125753	126452	0	822
NW_013657965.1:983964-984188	NW_003339068.1	85.2	196	29	0	30	225	36814	37009	4.16e-50	202
NW_013657968.1:24685-25021	NW_003339061.1	81.44	264	47	2	1	263	429181	429443	8.39e-54	215
NW_013657969.1:745970-747432	NW_003338775.1	73.74	952	204	32	537	1459	2062870	2061936	3.7e-88	331
NW_013657970.1:125371-125546	NW_003338754.1	89.87	79	8	0	15	93	4014022	4014100	3.29e-20	102
NW_013657971.1:560103-560252	NW_003338996.1	80.54	149	28	1	1	148	217245	217097	1.25e-23	113
NW_013657971.1:838035-838212	NC_014781.1	86.7	173	23	0	6	178	60913170	60913342	1.92e-47	193
NW_013657971.1:891781-892074	NC_014778.1	84.12	296	43	4	1	294	15023176	15023469	1.95e-74	283
NW_013657972.1:16474-16608	NC_014779.1	91.67	132	11	0	4	135	39023317	39023186	8.27e-45	183
NW_013657976.1:752098-752266	NW_003339182.1	84.02	169	27	0	1	169	355358	355526	1.42e-38	163
NW_013657982.1:517082-517215	NW_003339019.1	87.67	73	9	0	62	134	661523	661451	2.38e-15	86.1
NW_013657982.1:546790-547031	NW_003342126.1	84.71	242	37	0	1	242	5329	5570	2.66e-62	243
NW_013657982.1:549614-549751	NW_003342126.1	83.57	140	19	4	1	138	8641	8778	4.04e-28	128
NW_013657982.1:565965-566178	NW_003340092.1	88.56	201	22	1	14	214	17062	16863	2.32e-62	243
NW_013657982.1:566299-566445	NW_003340092.1	87.5	128	16	0	5	132	16723	16596	3.35e-34	148
NW_013657982.1:596648-596786	NW_003339838.1	88.81	134	15	0	4	137	42612	42479	3.11e-39	165
NW_013657982.1:607543-607786	NW_003339838.1	80.73	218	40	2	1	217	24859	24643	4.63e-40	169
NW_013657982.1:612244-612370	NW_003339838.1	85.83	127	18	0	1	127	17637	17511	2.17e-30	135
NW_013657982.1:645051-646108	NW_003339639.1	82.17	628	76	20	461	1055	14474	15098	4.11e-141	507
NW_013657982.1:682330-682597	NW_003339639.1	86.02	93	13	0	1	93	56735	56827	1.9e-19	100
NW_013657984.1:269245-269568	NC_014779.1	83.22	149	25	0	109	257	119422714	119422566	1.79e-30	137
NW_013657984.1:271301-271866	NC_014779.1	81.08	185	23	8	386	564	119420771	119420593	3.25e-30	137
NW_013657986.1:847986-848229	NC_014778.1	88.11	244	29	0	1	244	128878468	128878711	9.47e-77	291
NW_013657988.1:716659-717176	NW_003339344.1	83.76	468	73	3	53	518	32039	32505	2.01e-121	440
NW_013657998.1:653383-653694	NC_014779.1	86.54	312	42	0	1	312	116088617	116088928	9.42e-93	344
NW_013657999.1:935997-936280	NW_003340015.1	89.08	284	31	0	1	284	54939	55222	1.41e-95	353
NW_013658001.1:313412-315554	NC_014777.1	76.58	1729	317	56	461	2143	145381906	145380220	0	869
NW_013658003.1:91056-91253	NC_014779.1	79.5	200	37	3	1	198	23102335	23102532	2.86e-31	139
NW_013658004.1:573048-573254	NC_014779.1	88.41	207	24	0	1	207	30061382	30061176	1.33e-64	250
NW_013658008.1:48883-49395	NC_014777.1	72.69	520	118	17	3	513	26700999	26700495	1.04e-34	152
NW_013658012.1:602931-603193	NC_014779.1	82.61	253	44	0	8	260	864519	864771	1.06e-56	224
NW_013658016.1:262534-262665	NC_014786.1	80.62	129	19	6	1	129	1917506	1917628	3.87e-18	95.3
NW_013658016.1:281287-281465	NC_014786.1	88.1	168	20	0	1	168	1990702	1990869	1.16e-49	200
NW_013658016.1:418484-419060	NW_003340023.1	82.65	98	17	0	97	194	21071	20974	3.38e-15	87.9
NW_013658016.1:426002-426164	NC_014786.1	86.51	126	17	0	7	132	2585380	2585505	2.29e-31	139
NW_013658016.1:491581-492024	NC_014786.1	76.89	450	91	10	5	444	2842332	2842778	5.17e-62	243
NW_013658016.1:566442-566629	NC_014786.1	76.88	186	42	1	1	186	3068852	3069036	9.81e-21	104
NW_013658016.1:568773-568922	NW_003340517.1	86.47	133	16	2	1	132	6330	6199	4.44e-33	145
NW_013658017.1:916508-916763	NC_014778.1	83.47	242	37	1	15	256	138266539	138266777	3.7e-56	222
NW_013658019.1:534579-534787	NC_014781.1	90.34	207	20	0	3	209	72890794	72891000	2.87e-71	272
NW_013658022.1:508064-508209	NC_014776.1	89.04	146	16	0	1	146	82177455	82177310	3.28e-44	182
NW_013658024.1:450072-450288	NC_014777.1	81.5	200	37	0	16	215	100563968	100564167	5.24e-39	165
NW_013658035.1:46390-48684	NW_003338756.1	82.82	2299	387	7	1	2295	699772	702066	0	2050
NW_013658037.1:781187-782430	NW_003339111.1	81.61	1240	206	15	1	1238	27222	28441	0	1007
NW_013658039.1:186700-187556	NC_014778.1	75.06	882	191	20	1	857	7762437	7761560	5.82e-104	383
NW_013658040.1:844186-844308	NW_003339628.1	82.93	123	21	0	1	123	2326	2204	3.52e-23	111
NW_013658041.1:731819-732042	NC_014781.1	83.93	224	36	0	1	224	7355699	7355922	5.32e-54	215
NW_013658043.1:224494-226767	NC_014778.1	76.5	2264	500	30	17	2261	196174495	196176745	0	1205
NW_013658047.1:758011-758207	NC_014780.1	89.85	197	20	0	1	197	73209583	73209387	9.72e-66	254
NW_013658050.1:672562-672695	NW_003339112.1	85.08	134	20	0	1	134	395993	395860	6.47e-31	137
NW_013658050.1:677649-677888	NW_003339112.1	86.56	238	32	0	3	240	391414	391177	2.03e-68	263
NW_013658051.1:445370-446719	NC_014779.1	79.01	1334	270	10	1	1329	6699197	6697869	0	904
NW_013658060.1:695757-695945	NC_014777.1	88.36	189	22	0	1	189	163058394	163058206	5.61e-58	228
NW_013658065.1:287723-288016	NC_014777.1	85.08	295	42	2	1	294	18614907	18615200	1.94e-79	300
NW_013658068.1:662694-663737	NW_003339578.1	81.51	357	66	0	1	357	67090	67446	3.44e-77	294
NW_013658071.1:411165-411477	NC_014778.1	97.37	38	1	0	273	310	54059713	54059750	8.25e-09	65.8
NW_013658071.1:649324-650586	NC_014777.1	80.54	1151	198	19	79	1216	123334936	123333799	0	861
NW_013658073.1:911801-914317	NC_014776.1	78.44	218	42	5	1364	1580	220938753	220938540	1.5e-29	137
NW_013658077.1:100087-100221	NW_003340688.1	92.59	135	10	0	1	135	9459	9593	3.82e-48	195
NW_013658077.1:373894-375331	NC_014778.1	86.6	1463	170	9	1	1438	129019161	129017700	0	1592
NW_013658077.1:97928-98153	NW_003339500.1	84.96	226	34	0	1	226	18824	18599	1.92e-58	230
NW_013658079.1:327257-328671	NC_014780.1	80.14	1415	259	12	18	1415	105644741	105646150	0	1037
NW_013658080.1:204066-204240	NW_003338783.1	78.7	169	36	0	7	175	1667057	1666889	1.51e-23	113
NW_013658083.1:530432-530606	NW_003339435.1	87.01	154	20	0	22	175	41689	41536	6.82e-42	174
NW_013658083.1:625916-626086	NW_003340700.1	84.61	117	16	2	1	116	14780	14665	4.08e-24	115
NW_013658083.1:686621-686765	NW_003341305.1	81.44	97	14	3	1	95	12103	12009	1.58e-12	76.8
NW_013658086.1:574619-574769	NW_003339034.1	88	125	15	0	3	127	581493	581369	3.46e-34	148
NW_013658086.1:751833-752036	NW_003339034.1	85.22	203	30	0	2	204	283297	283095	2.22e-52	209
NW_013658089.1:85422-85553	NW_003339253.1	84.85	132	20	0	1	132	185510	185379	8.21e-30	134
NW_013658089.1:94705-94892	NW_003339253.1	87.63	186	23	0	3	188	179527	179342	1.21e-54	217
NW_013658093.1:684582-685041	NC_014777.1	81.8	445	75	6	19	460	118080188	118080629	8.49e-100	368
NW_013658100.1:260044-260354	NW_003338800.1	83.65	312	46	5	1	311	109573	109880	4.46e-76	289
NW_013658101.1:709529-713984	NC_014778.1	79.57	4308	765	72	1	4258	107472463	107468221	0	2974
NW_013658102.1:438910-439119	NW_003339034.1	75.62	160	31	6	2	157	241455	241610	3.15e-11	73.1
NW_013658102.1:596232-596360	NW_003339190.1	91.47	129	11	0	1	129	203559	203687	3.63e-43	178
NW_013658112.1:93847-94107	NW_003338811.1	90.08	121	12	0	126	246	12243	12123	1.08e-36	158
NW_013658115.1:550561-550699	NC_014778.1	85.94	128	18	0	1	128	21190467	21190594	6.77e-31	137
NW_013658117.1:25441-25589	NW_003338748.1	91.22	148	13	0	2	149	578946	578799	2.58e-50	202
NW_013658118.1:1708-1995	NW_003339015.1	84.75	282	43	0	7	288	531715	531434	1.91e-74	283
NW_013658122.1:251975-252784	NC_014780.1	77.49	822	163	17	3	810	14053625	14054438	3.17e-131	473
NW_013658123.1:698908-703683	NW_003339011.1	80.52	4624	806	70	213	4776	444077	439489	0	3459
NW_013658125.1:872112-873389	NW_003339616.1	72.76	301	69	11	509	803	19968	19675	2.14e-15	89.8
NW_013658126.1:463614-463750	NC_014778.1	90.98	133	12	0	5	137	96995589	96995457	1.09e-43	180
NW_013658128.1:103487-104392	NC_014777.1	76.17	923	174	38	2	906	153298535	153299429	2.79e-122	444
NW_013658130.1:240169-241003	NW_003338767.1	77.74	804	175	4	1	802	2520096	2520897	3.25e-136	490
NW_013658133.1:555539-555742	NW_003339850.1	82.01	139	21	3	64	200	15074	14938	4.99e-24	115
NW_013658135.1:315206-315394	NW_003339155.1	85.96	178	25	0	12	189	107217	107040	7.37e-47	191
NW_013658135.1:345447-345616	NW_003339405.1	82.78	151	19	6	25	170	43868	43720	5.2e-28	128
NW_013658135.1:731337-732063	NC_014776.1	74.35	269	53	9	470	727	95248593	95248330	5.54e-19	100
NW_013658139.1:113807-113968	NW_003339466.1	88.68	159	18	0	3	161	111474	111632	4.77e-48	195
NW_013658139.1:201907-202056	NW_003343323.1	92	150	12	0	1	150	5239	5388	4.32e-53	211
NW_013658139.1:203887-204192	NW_003343323.1	80.78	307	57	2	1	306	6787	7092	4.48e-61	239
NW_013658139.1:725013-725775	NC_014776.1	83.05	767	95	18	1	751	91170588	91171335	0	664
NW_013658139.1:75744-76394	NW_003339466.1	76.3	654	134	20	13	651	79779	80426	5.78e-88	329
NW_013658140.1:587701-587857	NW_003339690.1	89.03	155	17	0	1	155	47428	47582	1.65e-47	193
NW_013658147.1:710788-711910	NC_014778.1	78.9	1147	184	29	1	1115	45632425	45633545	0	725
NW_013658149.1:448171-448412	NC_014778.1	86.67	240	31	1	1	239	127985536	127985297	5.69e-69	265
NW_013658151.1:584327-584536	NW_003338743.1	82.35	204	36	0	7	210	5188742	5188539	6.48e-43	178
NW_013658152.1:26298-27681	NW_003338974.1	82.8	1314	203	7	68	1380	726833	728124	0	1153
NW_013658157.1:284753-285801	NW_003340192.1	97.44	39	1	0	751	789	20792	20830	8.2e-09	67.6
NW_013658158.1:592774-592918	NC_014780.1	82.76	145	25	0	1	145	99412234	99412090	1.19e-28	130
NW_013658160.1:200410-200703	NW_003339120.1	81.14	175	27	4	1	171	33695	33867	5.78e-30	135
NW_013658160.1:213915-214681	NW_003339120.1	77.59	763	146	16	16	767	47925	48673	1.09e-120	438
NW_013658160.1:217233-217472	NW_003339120.1	85	240	36	0	1	240	50801	51040	7.34e-63	244
NW_013658160.1:228468-228641	NW_003339120.1	87.36	174	22	0	1	174	62253	62426	1.12e-49	200
NW_013658160.1:274668-274853	NW_003339120.1	86.56	186	25	0	1	186	99801	99986	2.6e-51	206
NW_013658160.1:485268-485500	NW_003339120.1	92.61	230	17	0	2	231	389701	389930	5.3e-89	331
NW_013658166.1:118557-118697	NC_014778.1	83.87	124	20	0	1	124	99633699	99633576	2.5e-25	119
NW_013658174.1:172054-172791	NC_014776.1	82.98	376	60	4	1	374	2116635	2116262	3.94e-90	337
NW_013658174.1:649684-650796	NW_003338749.1	78.99	1128	213	14	1	1113	731243	732361	0	749
NW_013658175.1:181397-182968	NC_014776.1	79.56	499	78	18	1074	1557	70585125	70585614	3.08e-89	335
NW_013658188.1:203559-203692	NW_003340344.1	88.89	126	14	0	9	134	11766	11641	1.79e-36	156
NW_013658188.1:369269-375855	NW_003339156.1	76.84	980	176	28	4	959	299055	298103	9.43e-140	505
NW_013658196.1:411233-411414	NC_014778.1	90.15	132	13	0	51	182	166395845	166395714	2.57e-41	172
NW_013658203.1:104978-105102	NW_003339063.1	85.6	125	18	0	1	125	462347	462223	2.76e-29	132
NW_013658204.1:456556-456816	NC_014779.1	78.21	257	52	4	7	261	133594377	133594123	8.36e-38	161
NW_013658210.1:410454-410667	NW_003338940.1	94.85	136	7	0	63	198	191856	191991	1.82e-53	213
NW_013658211.1:268176-268372	NW_003338829.1	84.18	196	31	0	2	197	1178197	1178392	7.73e-47	191
NW_013658219.1:213264-213402	NC_014780.1	90.65	139	13	0	1	139	101338356	101338218	2.38e-45	185
NW_013658219.1:217452-217635	NC_014780.1	88.04	184	22	0	1	184	101328551	101328368	3.29e-55	219
NW_013658231.1:580263-582944	NC_014776.1	79.13	2405	481	15	12	2401	162604941	162602543	0	1640
NW_013658233.1:155807-156955	NC_014776.1	84.46	1152	173	5	1	1149	182898926	182897778	0	1131
NW_013658235.1:40723-44148	NC_014777.1	79.82	3310	654	13	78	3382	113298124	113301424	0	2399
NW_013658235.1:683889-684142	NW_003340305.1	85.77	253	36	0	2	254	599	851	4.64e-70	268
NW_013658240.1:344218-345720	NC_014780.1	76.83	1532	284	47	1	1498	96481890	96480396	0	797
NW_013658240.1:349797-350369	NC_014780.1	82.07	541	81	12	1	539	96474166	96473640	1.34e-123	448
NW_013658240.1:693462-694178	NW_003339122.1	80	465	82	10	260	717	24289	23829	4.94e-89	333
NW_013658242.1:27676-27847	NW_003338844.1	94.19	172	10	0	1	172	154322	154151	1.39e-68	263
NW_013658242.1:358884-359104	NC_014777.1	84.86	218	33	0	1	218	95411617	95411400	1.13e-55	220
NW_013658251.1:313444-313779	NW_003339455.1	80.36	331	59	5	8	335	104165	103838	2.97e-63	246
NW_013658253.1:20596-21327	NW_003338751.1	77.91	489	92	13	246	732	2518259	2517785	3.08e-76	291
NW_013658255.1:477050-478363	NW_003338773.1	78.28	1229	249	18	95	1314	2010159	2008940	0	774
NW_013658256.1:276999-277212	NW_003339059.1	84.47	206	27	4	13	214	190568	190772	5.09e-49	198
NW_013658257.1:382603-383952	NW_003340079.1	82.16	594	104	2	726	1318	22351	22943	1.47e-141	508
NW_013658258.1:82252-82443	NC_014781.1	91.15	192	17	0	1	192	25305265	25305456	5.64e-68	261
NW_013658259.1:58213-58449	NW_003339128.1	85.04	234	33	2	3	235	422773	423005	1.21e-60	237
NW_013658261.1:512901-513136	NW_003339167.1	84.75	236	36	0	1	236	192217	192452	1.21e-60	237
NW_013658262.1:602165-602836	NW_003338810.1	81.18	675	119	7	1	671	1367431	1368101	3.28e-150	536
NW_013658266.1:411637-412491	NC_014779.1	81.61	571	84	13	300	855	29466512	29465948	4.37e-125	453
NW_013658277.1:587040-587255	NW_003338745.1	81.48	216	40	0	1	216	3169625	3169410	6.7e-43	178
NW_013658277.1:637514-637751	NW_003338745.1	83.68	239	34	4	4	238	3087484	3087247	1.23e-55	220
NW_013658283.1:261519-261652	NC_014779.1	90.08	131	13	0	4	134	36849186	36849056	6.38e-41	171
NW_013658283.1:727103-727233	NW_003338975.1	87.12	132	15	2	1	131	59511	59381	2.9e-34	148
NW_013658289.1:176759-177736	NW_003340010.1	80	460	83	7	34	490	2565	2112	2.45e-88	331
NW_013658293.1:31790-31922	NW_003338950.1	86.99	123	15	1	3	124	560851	560973	6.41e-31	137
NW_013658297.1:587156-588682	NW_003339161.1	83.78	1541	225	17	4	1527	284870	283338	0	1437
NW_013658302.1:67295-67462	NW_003339588.1	90.36	166	16	0	3	168	78707	78872	2.96e-55	219
NW_013658312.1:392798-393116	NC_014776.1	87.5	128	16	0	187	314	91283661	91283788	8.13e-34	148
NW_013658314.1:478798-479357	NC_014781.1	79.02	572	99	17	1	560	12788529	12789091	8.08e-101	372
NW_013658314.1:492117-492275	NC_014781.1	87.1	155	20	0	1	155	12805101	12805255	1.69e-42	176
NW_013658325.1:558052-558608	NW_003338823.1	80.12	493	93	5	1	489	1753936	1754427	4.84e-98	363
NW_013658333.1:421937-422120	NC_014778.1	86.44	177	24	0	8	184	133435292	133435468	5.55e-48	195
NW_013658334.1:118160-120190	NC_014781.1	84.33	1174	177	5	862	2031	50900374	50899204	0	1142
NW_013658334.1:63177-63406	NW_003338910.1	81.33	166	29	2	1	165	956755	956591	1.58e-29	134
NW_013658339.1:352589-352795	NC_014779.1	81.92	188	34	0	4	191	111809556	111809369	2.31e-37	159
NW_013658350.1:450501-450693	NC_014781.1	84.78	184	28	0	10	193	77515106	77514923	3.51e-45	185
NW_013658350.1:469980-470137	NC_014781.1	82.52	103	18	0	36	138	77502634	77502532	6.25e-17	91.6
NW_013658353.1:105159-107721	NW_003338826.1	84.71	2041	305	4	7	2042	651946	649908	0	2034
NW_013658360.1:564029-564334	NC_014780.1	87.29	299	38	0	3	301	130793843	130794141	3.32e-92	342
NW_013658360.1:571015-571513	NC_014780.1	89.85	404	41	0	96	499	130782213	130782616	2.41e-145	520
NW_013658361.1:340225-340772	NC_014777.1	79.53	547	98	12	9	548	93177758	93178297	1.7e-102	377
NW_013658361.1:5961-7090	NC_014784.1	82.57	1130	173	2	1	1130	6304386	6303281	0	974
NW_013658362.1:410539-411287	NW_003339354.1	88.87	746	83	0	4	749	4382	5127	0	918
NW_013658362.1:412458-412599	NW_003339354.1	85.94	128	17	1	15	142	3054	3180	2.5e-30	135
NW_013658364.1:396530-396748	NW_003339092.1	85.84	219	31	0	1	219	1234	1452	1.43e-59	233
NW_013658364.1:409444-410451	NC_014784.1	78.04	1020	196	15	5	1007	6935239	6936247	1.73e-174	617
NW_013658367.1:135474-135643	NC_014777.1	83.33	168	28	0	3	170	75550827	75550660	2.39e-36	156
NW_013658367.1:138392-138536	NC_014777.1	87.77	139	17	0	1	139	75547967	75547829	1.18e-38	163
NW_013658371.1:459017-459167	NC_014781.1	78.87	142	30	0	1	142	22008237	22008378	1.27e-18	97.1
NW_013658373.1:142615-143149	NW_003338990.1	86.33	534	71	2	2	535	93677	93146	1.18e-163	580
NW_013658377.1:332437-332637	NC_014777.1	83.58	201	33	0	1	201	118630477	118630277	2.85e-46	189
NW_013658381.1:251854-252152	NW_003344681.1	80.41	291	49	8	2	288	1337	1623	7.36e-54	215
NW_013658383.1:3135-3317	NW_003339101.1	85.55	173	25	0	1	173	345806	345634	4.3e-44	182
NW_013658385.1:34467-34684	NC_014776.1	85.32	218	32	0	1	218	44021842	44022059	2.38e-57	226
NW_013658386.1:216552-216978	NC_014777.1	75.89	282	50	10	161	427	118299830	118299552	1.45e-27	128
NW_013658388.1:179523-179746	NC_014776.1	78.67	225	44	2	2	224	190496053	190496275	1.97e-33	147
NW_013658388.1:551481-551781	NC_014781.1	81.76	296	54	0	1	296	35101547	35101252	7.31e-64	248
NW_013658389.1:358595-359012	NC_014780.1	82.12	425	62	11	1	418	23639759	23640176	7.71e-95	351
NW_013658394.1:425729-425854	NW_003338950.1	95.75	47	2	0	1	47	83778	83824	1.32e-12	76.8
NW_013658394.1:589852-590799	NW_003338766.1	80.08	959	172	16	1	948	1054808	1055758	0	695
NW_013658397.1:217872-218074	NC_014780.1	86.7	203	27	0	1	203	95418534	95418332	2.19e-57	226
NW_013658401.1:517930-518686	NC_014776.1	84.02	757	117	3	1	755	93880188	93879434	0	725
NW_013658406.1:245380-246588	NC_014776.1	81.87	1208	183	19	6	1209	66773697	66774872	0	985
NW_013658406.1:245429-246340	NC_014776.1	81.97	793	135	8	3	791	66773742	66774530	0	665
NW_013658417.1:25375-25621	NW_003339084.1	87.04	247	32	0	1	247	12378	12624	2.08e-73	279
NW_013658417.1:562284-562414	NW_003338851.1	86.17	94	13	0	38	131	745698	745605	2.29e-20	102
NW_013658429.1:113105-113392	NC_014776.1	80.99	284	36	7	1	284	199402097	199401832	3.28e-52	209
NW_013658433.1:525203-527474	NC_014780.1	87.63	2272	281	0	1	2272	113518362	113520633	0	2639
NW_013658437.1:143680-144402	NC_014777.1	78.34	337	58	8	390	723	30037410	30037734	4.08e-50	204
NW_013658440.1:222105-222285	NW_003338767.1	81.52	184	28	3	1	181	2244118	2243938	1.55e-33	147
NW_013658440.1:390042-391418	NW_003338767.1	83.06	1393	216	14	1	1377	2095373	2093985	0	1247
NW_013658445.1:357728-357910	NW_003340037.1	85.87	184	24	2	1	183	14973	14791	5.52e-48	195
NW_013658463.1:226705-226862	NC_014780.1	84.68	124	15	4	1	122	142961699	142961578	7.98e-26	121
NW_013658480.1:219127-219370	NC_014780.1	87.3	244	31	0	1	244	44613499	44613742	2.05e-73	279
NW_013658481.1:382283-382490	NC_014776.1	86.5	200	27	0	9	208	126546396	126546595	1.05e-55	220
NW_013658482.1:519737-519893	NC_014778.1	84.42	154	24	0	4	157	14052041	14051888	2.81e-35	152
NW_013658486.1:342701-343186	NC_014781.1	81.78	472	80	3	15	486	17733798	17733333	1.92e-106	390
NW_013658501.1:74277-74405	NW_003338746.1	90.57	106	9	1	24	129	3749923	3750027	1.71e-31	139
NW_013658502.1:637870-640920	NC_014778.1	76.37	673	138	18	1	661	106820471	106821134	3.6e-91	342
NW_013658503.1:745178-747606	NW_003338743.1	79.37	1619	322	9	773	2388	2371204	2372813	0	1129
NW_013658508.1:517013-517178	NC_014779.1	91.57	166	14	0	1	166	114796618	114796453	1.35e-58	230
NW_013658509.1:485934-487069	NW_003339207.1	82.37	1157	178	10	1	1134	95185	96338	0	983
NW_013658509.1:524293-524574	NW_003339207.1	89.01	282	31	0	1	282	111951	112232	1.81e-94	350
NW_013658513.1:199580-199744	NC_014784.1	80.89	157	30	0	9	165	452152	452308	6.49e-27	124
NW_013658514.1:37181-38008	NW_003338970.1	88.8	393	42	2	437	828	665589	665980	1.94e-133	481
NW_013658515.1:228481-228643	NC_014776.1	86.71	158	21	0	1	158	227482522	227482679	1.74e-42	176
NW_013658519.1:25567-25826	NW_003339746.1	85.66	258	37	0	1	258	49570	49827	3.68e-71	272
NW_013658526.1:208420-209051	NC_014780.1	79.66	639	109	14	3	632	12312494	12313120	2.48e-121	440
NW_013658527.1:731619-734793	NC_014776.1	78.47	1454	293	18	1732	3175	88382855	88384298	0	933
NW_013658530.1:166132-166333	NW_003342538.1	82.59	201	35	0	2	202	2661	2461	6.2e-43	178
NW_013658530.1:37188-37395	NW_003338743.1	85.92	206	29	0	1	206	2042346	2042141	1.05e-55	220
NW_013658530.1:7249-7521	NW_003338743.1	87.91	273	33	0	1	273	2050449	2050177	3.81e-86	322
NW_013658531.1:290016-290164	NC_014776.1	89.93	149	15	0	1	149	152377197	152377049	1.55e-47	193
NW_013658532.1:104822-105459	NW_003339440.1	87.96	490	52	5	1	490	101701	102183	8.52e-161	571
NW_013658532.1:113673-113847	NW_003339440.1	95.65	46	2	0	82	127	107339	107384	7.11e-12	75
NW_013658534.1:73979-74221	NW_003339272.1	86.15	231	29	2	8	238	174892	174665	2.07e-63	246
NW_013658545.1:231898-232979	NW_003339286.1	75.85	323	68	10	1	318	249834	249517	1.76e-35	156
NW_013658545.1:388311-388516	NC_014779.1	80.1	206	41	0	1	206	19026959	19026754	1.07e-35	154
NW_013658549.1:304805-305071	NC_014778.1	84.71	157	24	0	111	267	70595713	70595869	1.11e-36	158
NW_013658552.1:71738-71924	NW_003343857.1	89.44	180	19	0	8	187	1745	1566	5.54e-58	228
NW_013658557.1:114629-115741	NC_014777.1	80.64	992	181	8	126	1110	17037867	17036880	0	758
NW_013658559.1:148527-148793	NC_014778.1	85.98	264	33	4	6	267	175530936	175531197	2.27e-73	279
NW_013658559.1:320176-322032	NC_014778.1	77.99	1504	282	35	4	1472	175829357	175830846	0	898
NW_013658559.1:438802-438961	NC_014780.1	82.64	144	25	0	1	144	97795922	97796065	4.84e-28	128
NW_013658562.1:44987-46009	NW_003338826.1	77.84	1020	212	13	1	1013	489803	488791	4.89e-175	619
NW_013658562.1:500754-500996	NW_003338826.1	85.18	243	36	0	1	243	88295	88053	1.6e-64	250
NW_013658567.1:87348-87514	NW_003339629.1	80.95	105	20	0	63	167	46415	46311	1.12e-14	84.2
NW_013658579.1:2206-2352	NC_014781.1	85.71	126	18	0	22	147	46592494	46592369	9.38e-30	134
NW_013658579.1:332789-332913	NC_014777.1	89.6	125	13	0	1	125	187677870	187677746	1.26e-37	159
NW_013658581.1:491963-493807	NW_003338921.1	88.08	1846	218	2	1	1845	655382	653538	0	2189
NW_013658585.1:474764-475525	NC_014777.1	83.98	768	117	4	1	762	117894902	117895669	0	732
NW_013658585.1:87338-87761	NW_003338928.1	76.84	380	75	5	26	403	13466	13834	8.35e-50	202
NW_013658586.1:108320-108462	NC_014777.1	86.71	143	19	0	1	143	164674606	164674748	1.5e-37	159
NW_013658597.1:488174-488379	NW_003339339.1	82.13	207	35	2	1	206	89276	89481	2.28e-42	176
NW_013658602.1:182525-182661	NW_003339907.1	86.26	131	18	0	1	131	25969	26099	1.43e-32	143
NW_013658602.1:183583-183718	NW_003339907.1	87.5	128	16	0	9	136	26847	26974	3.04e-34	148
NW_013658602.1:194640-194920	NW_003339907.1	81.75	285	46	1	2	280	38889	39173	1.9e-59	233
NW_013658611.1:222009-222184	NC_014776.1	87.01	177	21	2	1	176	78236532	78236707	4.07e-49	198
NW_013658612.1:266987-267124	NW_003338835.1	89.86	138	14	0	1	138	38439	38302	3.95e-43	178
NW_013658615.1:34549-36031	NW_003339627.1	84.76	315	41	5	1174	1483	51314	51626	1.76e-81	309
NW_013658627.1:273009-275219	NW_003339539.1	81.6	576	98	6	1637	2211	17311	17879	1.14e-129	470
NW_013658627.1:276316-276500	NW_003339539.1	82.16	185	33	0	1	185	20628	20812	2.04e-37	159
NW_013658627.1:308023-308268	NW_003339539.1	88.57	245	28	0	2	246	32817	33061	5.71e-79	298
NW_013658635.1:220680-221774	NC_014784.1	76.67	956	186	34	63	998	6883503	6884441	9.22e-138	496
NW_013658637.1:373275-373710	NC_014776.1	79.3	372	62	10	27	392	92855919	92855557	3.92e-63	246
NW_013658642.1:227023-227307	NW_003338932.1	86.17	282	39	0	3	284	82687	82968	4.02e-81	305
NW_013658642.1:374391-376114	NC_014778.1	86.44	59	8	0	773	831	202093707	202093649	4.9e-08	65.8
NW_013658644.1:17129-17323	NW_003339373.1	81.88	149	26	1	3	150	136867	136719	7.86e-27	124
NW_013658644.1:266510-266739	NW_003338747.1	80.56	180	33	2	1	180	1577454	1577631	1.22e-30	137
NW_013658644.1:34968-35719	NW_003339373.1	76.55	776	149	23	1	752	133519	132753	2.35e-107	394
NW_013658647.1:98208-98369	NC_014780.1	91.36	162	14	0	1	162	42903863	42904024	2.19e-56	222
NW_013658649.1:293017-293182	NC_014780.1	91.92	161	13	0	6	166	175991	175831	1.74e-57	226
NW_013658649.1:318489-319728	NC_014780.1	75.04	1254	283	23	1	1239	76958	75720	1.7e-155	555
NW_013658654.1:412690-412959	NW_003339248.1	73.53	238	63	0	33	270	154429	154666	1.16e-16	91.6
NW_013658655.1:334852-335026	NW_003338990.1	87.23	141	15	3	3	141	582493	582632	6.87e-37	158
NW_013658659.1:297924-299867	NW_003339088.1	82.24	1959	323	20	1	1942	327224	325274	0	1666
NW_013658659.1:341947-342594	NW_003338964.1	84.27	248	33	3	346	587	395712	395465	3.59e-60	237
NW_013658663.1:58312-59082	NW_003338858.1	79.64	604	110	9	170	771	153713	153121	1.11e-115	422
NW_013658665.1:7172-7355	NC_014777.1	84.81	158	24	0	27	184	176823105	176823262	2.03e-37	159
NW_013658667.1:359126-359646	NC_014777.1	77.15	534	105	10	1	521	69876752	69876223	1.67e-77	294
NW_013658671.1:123443-123707	NW_003338864.1	79.19	197	41	0	69	265	6764	6568	1.43e-30	137
NW_013658672.1:170396-170618	NC_014777.1	78.76	226	42	5	1	223	51250587	51250809	1.96e-33	147
NW_013658672.1:83113-83282	NC_014777.1	84.42	154	24	0	17	170	51150464	51150617	3.09e-35	152
NW_013658674.1:140542-140731	NC_014776.1	78.14	183	38	2	1	182	95828810	95828991	4.59e-24	115
NW_013658674.1:234185-234332	NC_014776.1	85.29	136	20	0	12	147	95934172	95934307	5.65e-32	141
NW_013658681.1:63785-64342	NW_003339097.1	84.92	557	81	3	4	557	143536	142980	1.6e-157	560
NW_013658685.1:73777-73959	NW_003338928.1	98.36	183	3	0	1	183	897335	897517	2.43e-86	322
NW_013658687.1:92732-94478	NW_003339086.1	85.38	1081	137	13	667	1729	468002	466925	0	1101
NW_013658688.1:345699-346398	NW_003338953.1	76.88	385	88	1	1	384	430126	429742	5.06e-54	217
NW_013658692.1:348134-348363	NC_014777.1	84.14	227	35	1	5	230	194412031	194412257	4.24e-55	219
NW_013658693.1:372838-373019	NW_003338872.1	86.26	182	25	0	1	182	391192	391373	4.24e-49	198
NW_013658694.1:299004-300548	NC_014777.1	84.23	1547	230	12	3	1545	178958485	178960021	0	1493
NW_013658697.1:173439-174050	NW_003339061.1	79.67	182	35	2	13	193	206869	206689	5.9e-28	130
NW_013658697.1:178860-179463	NW_003339061.1	84.79	605	88	4	2	604	202827	202225	7.93e-171	604
NW_013658697.1:252645-252843	NW_003339061.1	81.87	182	24	6	21	199	104466	104291	6.18e-33	145
NW_013658698.1:379449-379661	NW_003339272.1	88.37	215	21	4	1	213	194588	194800	2.96e-66	255
NW_013658704.1:5021-5190	NW_003339411.1	85.88	170	24	0	1	170	6633	6802	3.94e-44	182
NW_013658711.1:402709-402864	NC_014776.1	85.16	155	21	2	3	156	224852475	224852628	5.99e-37	158
NW_013658715.1:54568-55130	NW_003338785.1	79.48	502	92	9	1	498	316695	317189	4.93e-93	346
NW_013658723.1:353420-353710	NC_014776.1	82.63	236	41	0	56	291	39960845	39960610	3.32e-52	209
NW_013658723.1:417991-418615	NC_014776.1	78.51	349	61	10	281	625	39898840	39898502	4.5e-54	217
NW_013658728.1:41703-41825	NC_014777.1	83.87	124	18	2	1	123	139611360	139611238	7.56e-25	117
NW_013658738.1:52894-53125	NW_003338848.1	90	220	21	1	13	232	1355246	1355028	1.5e-74	283
NW_013658740.1:173431-175083	NC_014778.1	77.22	1659	360	11	1	1653	86594641	86592995	0	953
NW_013658742.1:352959-353780	NW_003338807.1	83.74	830	123	7	2	822	1474943	1474117	0	774
NW_013658748.1:550-711	NC_014777.1	89.24	158	17	0	2	159	87780781	87780624	3.69e-49	198
NW_013658749.1:164161-164351	NW_003339222.1	80.32	188	37	0	4	191	72276	72089	2.12e-32	143
NW_013658750.1:90860-91074	NW_003339189.1	83.05	118	20	0	98	215	317044	317161	8.86e-22	108
NW_013658766.1:257946-258643	NW_003338911.1	81.83	633	109	6	1	630	154000	154629	2.05e-147	527
NW_013658768.1:20605-20733	NW_003338752.1	85.12	121	17	1	9	129	834194	834075	1.73e-26	122
NW_013658772.1:105278-105424	NW_003339162.1	86.39	147	20	0	1	147	174156	174010	4.3e-38	161
NW_013658772.1:127816-128048	NW_003339162.1	86.52	230	31	0	4	233	140125	139896	1.18e-65	254
NW_013658772.1:68855-68980	NW_003339162.1	89.17	120	13	0	7	126	247543	247424	7.69e-35	150
NW_013658777.1:74975-75142	NC_014781.1	84.52	168	26	0	1	168	66061836	66061669	1.09e-39	167
NW_013658778.1:103925-104048	NW_003339095.1	80.51	118	20	1	1	115	365808	365925	5.99e-16	87.9
NW_013658779.1:305583-305781	NC_014779.1	80.83	193	34	2	10	199	107453102	107452910	4.78e-34	148
NW_013658783.1:15732-15867	NW_003338758.1	85.83	127	18	0	10	136	654211	654085	2.37e-30	135
NW_013658785.1:119615-119812	NC_014776.1	82.7	185	30	2	13	196	76226204	76226021	1.7e-38	163
NW_013658793.1:327063-327191	NC_014779.1	87.12	132	11	3	1	129	110131487	110131359	3.68e-33	145
NW_013658795.1:239563-248886	NW_003338761.1	81.11	4691	833	46	4654	9316	243786	248451	0	3705
NW_013658800.1:75936-76498	NC_014777.1	79.66	526	94	7	5	525	162656890	162656373	3.78e-99	366
NW_013658804.1:57250-57438	NW_003339217.1	89.95	189	19	0	1	189	181279	181467	5.57e-63	244
NW_013658804.1:58913-59196	NW_003339217.1	85.16	256	38	0	24	279	193662	193917	2.45e-68	263
NW_013658811.1:30636-30836	NW_003338895.1	88.33	197	23	0	5	201	163664	163860	1e-60	237
NW_013658811.1:33658-33811	NW_003338895.1	88.16	152	18	0	3	154	165206	165357	3.5e-44	182
NW_013658812.1:265449-265674	NC_014780.1	83.64	214	34	1	2	215	104752698	104752486	1.51e-49	200
NW_013658815.1:29331-29992	NC_014778.1	85.53	684	73	9	4	662	74141843	74141161	0	691
NW_013658820.1:175294-175424	NC_014781.1	80.39	102	20	0	30	131	13508785	13508684	3.86e-13	78.7
NW_013658821.1:16453-17317	NC_014778.1	77.24	839	168	20	1	828	87135451	87134625	4.39e-130	470
NW_013658833.1:379002-379768	NC_014778.1	76.68	772	156	23	3	762	195846157	195846916	3.08e-111	407
NW_013658840.1:169001-169439	NC_014777.1	90.85	437	39	1	4	439	98724032	98723596	7.36e-165	584
NW_013658840.1:169703-169942	NC_014776.1	83.75	240	39	0	1	240	30308029	30308268	7.39e-58	228
NW_013658842.1:316884-317327	NW_003338749.1	80.16	373	66	8	76	444	4448854	4449222	6.59e-71	272
NW_013658844.1:242029-242226	NW_003338792.1	90.44	136	13	0	63	198	772135	772000	1.68e-43	180
NW_013658844.1:245117-245275	NW_003338792.1	83.77	154	25	0	6	159	768698	768545	1.33e-33	147
NW_013658857.1:356470-356747	NW_003338938.1	88.57	175	20	0	18	192	658616	658442	2.44e-53	213
NW_013658857.1:356492-356747	NW_003338938.1	88.24	170	20	0	1	170	658611	658442	1.34e-50	204
NW_013658859.1:201233-202095	NW_003338753.1	86.24	574	77	2	291	863	1306508	1307080	1.14e-175	621
NW_013658864.1:85226-85351	NW_003338970.1	90	80	8	0	42	121	370298	370219	6.07e-21	104
NW_013658866.1:196302-198067	NC_014780.1	84.23	1788	256	10	1	1766	133753571	133755354	0	1716
NW_013658866.1:320254-320404	NC_014780.1	86.09	151	21	0	1	151	133962686	133962836	1.24e-38	163
NW_013658880.1:178323-179075	NC_014778.1	74.76	733	149	25	45	753	118742117	118742837	6.82e-78	296
NW_013658885.1:161415-161588	NW_003339405.1	89.24	158	15	2	13	169	106512	106356	1.45e-48	196
NW_013658896.1:230741-230870	NW_003340193.1	91.41	128	11	0	3	130	7707	7834	1.32e-42	176
NW_013658900.1:265003-265235	NC_014778.1	85.47	234	32	2	1	233	188897267	188897035	2.55e-62	243
NW_013658903.1:206338-206850	NW_003339054.1	78.39	523	99	9	1	510	470141	470662	1.62e-87	327
NW_013658903.1:357864-358018	NW_003339255.1	88.31	154	18	0	2	155	205305	205458	2.72e-45	185
NW_013658905.1:170849-171169	NC_014779.1	84.61	325	45	3	1	321	128314088	128313765	5.89e-85	318
NW_013658911.1:183942-187241	NW_003338747.1	84.66	391	55	3	7	393	1286850	1287239	6.39e-104	385
NW_013658911.1:197543-198191	NW_003338747.1	80.39	561	96	12	1	554	1294713	1295266	1.55e-113	414
NW_013658911.1:337885-338055	NW_003338903.1	84.16	101	14	2	2	101	803035	803134	1.48e-18	97.1
NW_013658915.1:7465-7662	NW_003339001.1	87.37	198	25	0	1	198	411132	411329	5.93e-58	228
NW_013658917.1:326292-327261	NC_014780.1	80.57	494	91	3	463	952	96717269	96716777	1.11e-101	375
NW_013658918.1:21301-21462	NW_003343099.1	81.56	141	23	3	24	162	6790	6929	1.38e-23	113
NW_013658922.1:327371-327551	NW_003340337.1	91.71	181	15	0	1	181	14681	14861	3.19e-65	252
NW_013658924.1:361493-361649	NW_003339444.1	90.45	157	15	0	1	157	108789	108633	5.91e-52	207
NW_013658927.1:1775-2052	NW_003343546.1	89.57	278	29	0	1	278	5368	5091	1.38e-95	353
NW_013658927.1:8128-8322	NW_003338980.1	90.26	195	19	0	1	195	22022	22216	2.67e-66	255
NW_013658929.1:87189-87361	NW_003339357.1	88.37	86	10	0	4	89	129094	129009	8.95e-21	104
NW_013658930.1:132473-132731	NC_014776.1	86.21	87	12	0	113	199	132736021	132736107	8.52e-18	95.3
NW_013658930.1:55650-56037	NC_014776.1	80.15	398	58	8	3	388	205591554	205591942	1.23e-72	278
NW_013658943.1:137959-139003	NC_014779.1	87.63	186	23	0	700	885	68579088	68579273	7.66e-54	217
NW_013658946.1:181310-181462	NW_003339426.1	83.66	153	25	0	1	153	56533	56685	4.55e-33	145
NW_013658948.1:45229-45509	NW_003338749.1	81.23	261	49	0	21	281	2247925	2248185	8.88e-53	211
NW_013658948.1:55558-55770	NW_003338749.1	84.08	201	32	0	1	201	2248565	2248765	6.54e-48	195
NW_013658949.1:169749-170327	NC_014777.1	83.87	217	29	2	363	579	190781285	190781495	1.16e-49	202
NW_013658956.1:304881-305168	NC_014776.1	87.59	137	15	2	1	136	88894186	88894321	1.21e-36	158
NW_013658959.1:222826-222958	NC_014777.1	85.5	131	17	2	4	133	70539571	70539442	2.3e-30	135
NW_013658960.1:100794-100935	NW_003338751.1	87.93	116	14	0	4	119	4023964	4023849	6.95e-31	137
NW_013658964.1:153803-153943	NC_014777.1	89.05	137	15	0	3	139	188353430	188353294	6.79e-41	171
NW_013658973.1:265408-265620	NC_014777.1	83.08	201	32	2	3	202	114446774	114446575	5.09e-44	182
NW_013658973.1:306119-308239	NC_014777.1	77.16	1204	247	21	938	2121	114396715	114395520	0	675
NW_013658975.1:97819-98361	NW_003338965.1	80.99	526	90	9	23	543	79311	79831	5.96e-112	409
NW_013658977.1:65420-65586	NC_014778.1	83.21	137	23	0	11	147	108916134	108916270	1.83e-27	126
NW_013658986.1:99489-99844	NW_003338797.1	85.88	354	50	0	3	356	1042183	1042536	1.07e-102	377
NW_013658988.1:261459-261848	NC_014781.1	83.38	331	51	4	15	343	1886227	1886555	2.04e-80	303
NW_013658990.1:300416-300612	NC_014776.1	82.32	198	33	2	1	197	226693442	226693246	1.01e-40	171
NW_013658990.1:82124-82836	NC_014776.1	75.81	707	134	23	1	675	76554378	76555079	2.96e-86	324
NW_013658994.1:242939-245678	NW_003338838.1	77.27	2811	529	68	1	2740	960814	958043	0	1550
NW_013659003.1:14121-14303	NW_003339039.1	78.14	183	40	0	1	183	579667	579485	1.23e-24	117
NW_013659005.1:226536-228692	NW_003340897.1	89.76	2158	215	4	3	2157	9625	11779	0	2756
NW_013659006.1:278391-278667	NW_003338926.1	81.32	273	46	3	2	273	195152	194884	1.88e-54	217
NW_013659006.1:278391-278670	NW_003338926.1	81	279	48	3	2	279	195152	194878	1.9e-54	217
NW_013659008.1:100372-105456	NW_003339110.1	74.94	4454	994	89	675	5085	227373	222999	0	1930
NW_013659008.1:100660-105456	NW_003339110.1	74.94	4454	994	89	387	4797	227373	222999	0	1930
NW_013659008.1:156654-156921	NW_003339554.1	84.09	132	14	7	1	127	82143	82272	1.46e-25	121
NW_013659012.1:81991-83600	NW_003339173.1	73.67	1075	227	43	75	1121	379922	378876	1.12e-98	366
NW_013659012.1:81991-83603	NW_003339173.1	73.67	1075	227	43	75	1121	379922	378876	1.12e-98	366
NW_013659021.1:73344-73494	NW_003339387.1	91.22	148	13	0	4	151	191913	192060	2.62e-50	202
NW_013659024.1:1379-2216	NW_003339112.1	81.92	852	138	8	1	838	28139	28988	0	706
NW_013659024.1:45483-45681	NW_003339112.1	91.46	199	17	0	1	199	82424	82622	7.55e-72	274
NW_013659046.1:222344-222571	NW_003339146.1	90.79	228	21	0	1	228	322896	322669	3.13e-81	305
NW_013659047.1:195719-196356	NW_003338879.1	86.42	530	72	0	1	530	635771	635242	1.42e-163	580
NW_013659047.1:289508-291010	NW_003339113.1	79.03	1512	289	22	9	1503	363489	361989	0	1011
NW_013659047.1:333196-333538	NW_003339113.1	85.96	235	33	0	4	238	329489	329723	6.52e-65	252
NW_013659056.1:125238-125395	NW_003339591.1	88.89	54	6	0	11	64	51533	51586	1.05e-09	67.6
NW_013659062.1:244717-245181	NW_003338961.1	82.66	473	65	14	6	465	186208	185740	2.35e-110	403
NW_013659074.1:233017-233364	NC_014776.1	86.67	345	44	2	5	348	198163815	198164158	8.09e-104	381
NW_013659074.1:237832-238002	NC_014776.1	84.21	171	27	0	1	171	198173724	198173894	1.11e-39	167
NW_013659074.1:298965-299550	NW_003339052.1	85.97	228	23	6	368	586	558269	558496	1.16e-59	235
NW_013659074.1:71806-71995	NW_003338885.1	86.39	191	24	2	1	190	237496	237307	7.36e-52	207
NW_013659074.1:76247-76633	NW_003338885.1	85.02	227	34	0	1	227	235777	235551	9.68e-59	231
NW_013659080.1:305583-305854	NW_003339092.1	86.52	267	32	4	10	272	235476	235210	1.07e-76	291
NW_013659082.1:110581-110769	NW_003338749.1	80.11	176	29	6	18	189	1229279	1229452	2.11e-27	126
NW_013659082.1:281310-281696	NW_003339547.1	85.2	392	45	7	3	386	80273	79887	1.51e-106	390
NW_013659084.1:235655-236053	NW_003339124.1	86.43	398	54	0	2	399	178184	178581	1.97e-120	436
NW_013659084.1:287419-287950	NW_003339124.1	79.03	534	71	26	33	526	287795	288327	1.68e-87	327
NW_013659084.1:300818-300996	NW_003339124.1	90.86	175	16	0	2	176	306445	306619	3.17e-60	235
NW_013659088.1:191283-192782	NW_003338748.1	77.85	1481	303	24	3	1469	949793	951262	0	894
NW_013659088.1:294600-294740	NW_003339800.1	97.56	41	1	0	1	41	52924	52964	7.09e-11	71.3
NW_013659089.1:148468-148926	NC_014779.1	82.66	444	71	5	18	458	12012437	12012877	6.5e-106	388
NW_013659095.1:100440-103754	NW_003338922.1	73.75	1939	405	72	3	1877	424452	426350	0	665
NW_013659107.1:268885-269048	NW_003339015.1	85.44	158	23	0	7	164	560625	560468	3.8e-39	165
NW_013659109.1:24411-24559	NW_003338862.1	82.07	145	26	0	1	145	792917	793061	5.74e-27	124
NW_013659129.1:288192-288329	NC_014780.1	87.69	130	16	0	9	138	12592713	12592842	2.4e-35	152
NW_013659132.1:231443-232072	NW_003339628.1	74.68	474	80	17	175	627	97194	96740	2.77e-41	174
NW_013659132.1:233344-235638	NW_003339628.1	74.29	704	161	14	2	691	96957	96260	2.15e-72	279
NW_013659132.1:236333-243559	NW_003339628.1	75.56	2447	492	50	21	2437	98874	96504	0	1109
NW_013659133.1:212572-213436	NW_003339495.1	78.72	423	79	8	160	575	62420	62838	1.33e-70	272
NW_013659133.1:91666-92581	NW_003339428.1	78.2	757	149	12	162	910	39730	40478	4.65e-130	470
NW_013659144.1:133491-133930	NC_014776.1	85.36	437	64	0	4	440	37700809	37700373	2.17e-125	453
NW_013659144.1:136815-137020	NC_014776.1	85.71	196	25	1	14	206	37699314	37699119	1.05e-50	204
NW_013659145.1:138035-138200	NW_003339155.1	87.95	166	20	0	1	166	192364	192529	1.37e-48	196
NW_013659149.1:220721-220872	NW_003340383.1	82.24	152	27	0	1	152	16245	16396	3.52e-29	132
NW_013659149.1:250956-251135	NW_003339336.1	90.56	180	17	0	1	180	121323	121502	2.46e-61	239
NW_013659149.1:45973-52299	NW_003339523.1	81.55	6217	1111	27	135	6327	51680	45476	0	5094
NW_013659149.1:61498-61655	NW_003339523.1	84.28	159	23	2	1	158	31792	31635	7.86e-36	154
NW_013659154.1:131899-132043	NC_014776.1	87.41	143	18	0	3	145	232620133	232619991	3.27e-39	165
NW_013659154.1:61116-61819	NC_014780.1	77.44	696	150	6	14	704	95129593	95128900	7.83e-112	409
NW_013659154.1:81729-81873	NC_014776.1	87.41	143	18	0	3	145	232620133	232619991	3.27e-39	165
NW_013659163.1:52091-52249	NW_003338900.1	89.17	157	17	0	3	159	717937	717781	1.3e-48	196
NW_013659166.1:272939-273155	NW_003339031.1	88.02	217	26	0	1	217	134958	135174	8.41e-67	257
NW_013659171.1:293204-293960	NC_014776.1	79.45	759	142	9	3	757	90385139	90385887	8.04e-147	525
NW_013659180.1:127139-127574	NW_003338965.1	86.62	142	19	0	295	436	109583	109724	1.89e-36	158
NW_013659198.1:10633-11028	NW_003339264.1	96.23	53	2	0	344	396	26051	26103	2.27e-15	87.9
NW_013659198.1:43729-44233	NW_003339264.1	96.15	52	2	0	1	52	26101	26050	1.06e-14	86.1
NW_013659206.1:27204-27493	NW_003339256.1	87.11	194	25	0	1	194	123290	123483	1.53e-55	220
NW_013659206.1:62983-64401	NW_003339350.1	80.87	1098	166	24	1	1061	86006	87096	0	824
NW_013659215.1:281290-282483	NW_003339823.1	82.32	1233	173	22	1	1194	29550	30776	0	1027
NW_013659218.1:187386-187692	NW_003339426.1	83.61	299	49	0	9	307	121374	121076	7.36e-74	281
NW_013659218.1:266172-267177	NW_003339287.1	79.49	741	145	5	1	739	28044	27309	5.01e-145	520
NW_013659224.1:43346-43548	NC_014777.1	100	30	0	0	106	135	194403826	194403855	3.05e-06	56.5
NW_013659227.1:165038-165228	NC_014781.1	81.06	169	28	3	1	167	46977896	46978062	4.58e-29	132
NW_013659229.1:6571-6816	NW_003338964.1	85.66	244	35	0	1	244	224819	225062	9.7e-67	257
NW_013659234.1:84077-84219	NW_003339028.1	81.12	143	27	0	1	143	104274	104416	3.29e-24	115
NW_013659245.1:182563-182715	NC_014779.1	86.93	153	20	0	1	153	107389677	107389829	2.09e-41	172
NW_013659245.1:198609-198790	NC_014779.1	90.68	161	15	0	22	182	74517201	74517041	4.21e-54	215
NW_013659256.1:78121-78374	NW_003340057.1	86.67	255	32	2	1	254	18599	18852	5.96e-74	281
NW_013659256.1:78537-78706	NW_003340057.1	87.35	166	21	0	5	170	19030	19195	6.54e-47	191
NW_013659259.1:58478-58668	NW_003339440.1	90.05	191	19	0	1	191	71558	71368	4.36e-64	248
NW_013659263.1:215516-215731	NW_003338823.1	81.7	153	27	1	62	214	1495592	1495441	2.46e-27	126
NW_013659268.1:34149-34292	NC_014777.1	87.5	144	18	0	1	144	77777192	77777049	9.02e-40	167
NW_013659271.1:147405-147583	NW_003338804.1	83.33	180	28	2	1	179	1769693	1769871	4.22e-39	165
NW_013659274.1:269208-269353	NW_003340228.1	83.33	144	24	0	3	146	17603	17460	9.31e-30	134
NW_013659279.1:153127-153294	NW_003341643.1	86.14	166	23	0	1	166	3959	3794	1.4e-43	180
NW_013659281.1:106081-106203	NW_003339092.1	88.62	123	14	0	1	123	391651	391529	7.45e-35	150
NW_013659289.1:18835-18977	NW_003341563.1	84	100	16	0	1	100	11233	11134	1.19e-18	97.1
NW_013659294.1:235225-235542	NW_003339196.1	94.08	287	17	0	32	318	177861	178147	1.54e-120	436
NW_013659296.1:115673-115930	NW_003339275.1	88.45	251	29	0	6	256	95744	95494	1.3e-80	303
NW_013659296.1:121418-121812	NW_003339275.1	79.64	275	48	8	1	271	91152	90882	1.68e-46	191
NW_013659301.1:105383-105725	NC_014780.1	84.8	171	25	1	1	171	147153478	147153309	1.88e-40	171
NW_013659301.1:164592-166073	NC_014780.1	75.13	1142	247	20	1	1134	147097464	147096352	2.7e-139	501
NW_013659304.1:197028-197285	NW_003338926.1	80.62	258	47	2	1	255	296689	296946	2.26e-48	196
NW_013659317.1:161350-161480	NW_003338935.1	88.24	119	14	0	4	122	145780	145662	1.35e-32	143
NW_013659322.1:130222-130365	NC_014777.1	87.5	144	12	2	1	144	154845608	154845745	4.2e-38	161
NW_013659329.1:231523-231758	NW_003338759.1	88.56	236	27	0	1	236	1101957	1102192	1.18e-75	287
NW_013659344.1:182511-182661	NC_014779.1	91.39	151	13	0	1	151	104257439	104257589	5.63e-52	207
NW_013659346.1:10652-10799	NC_014777.1	86.3	73	10	0	2	74	105265994	105266066	1.25e-13	80.5
NW_013659347.1:39258-39511	NC_014781.1	91.84	98	8	0	3	100	1404287	1404384	1.37e-30	137
NW_013659349.1:42738-43292	NW_003339546.1	86.67	555	74	0	1	555	5826	5272	3.35e-174	616
NW_013659368.1:114820-114949	NC_014780.1	94.12	119	7	0	12	130	76846911	76847029	2.84e-44	182
NW_013659394.1:206430-206581	NW_003339442.1	92.11	152	12	0	1	152	131662	131813	3.39e-54	215
NW_013659404.1:211547-211676	NW_003343864.1	90	130	10	2	1	130	3509	3635	2.86e-39	165
NW_013659404.1:89980-90270	NW_003339179.1	81.2	234	34	8	1	229	40604	40376	2.6e-43	180
NW_013659417.1:224764-226304	NC_014778.1	79.49	1536	292	11	1	1529	187666187	187667706	0	1070
NW_013659425.1:154838-155026	NC_014780.1	83.75	160	26	0	1	160	97142423	97142582	3.48e-35	152
NW_013659433.1:150495-151549	NC_014777.1	74.5	855	196	20	210	1053	189041404	189042247	2.03e-94	351
NW_013659433.1:183758-183944	NC_014776.1	84.8	171	26	0	1	171	92058681	92058511	2.63e-41	172
NW_013659438.1:159229-159625	NW_003339085.1	80.88	387	63	10	7	386	518248	517866	1.25e-77	294
NW_013659441.1:203043-203344	NW_003340305.1	92.7	137	10	0	6	142	16002	16138	7.49e-49	198
NW_013659443.1:344-487	NW_003339290.1	81.38	145	25	2	1	144	66886	67029	9.21e-25	117
NW_013659455.1:98567-98707	NW_003339553.1	90.78	141	13	0	1	141	8241	8101	1.88e-46	189
NW_013659456.1:169274-169943	NW_003338974.1	82.02	662	119	0	7	668	651142	650481	1.5e-158	564
NW_013659456.1:206228-207277	NW_003338911.1	77.89	995	199	16	54	1036	941866	940881	6.54e-169	599
NW_013659460.1:125176-125498	NW_003340735.1	84.54	110	17	0	191	300	5104	4995	3.89e-22	110
NW_013659460.1:51520-51749	NW_003339156.1	81.82	176	23	7	55	226	49991	49821	3.4e-31	139
NW_013659471.1:227868-228556	NW_003338768.1	80.42	378	59	12	324	689	2580735	2581109	2.91e-71	274
NW_013659474.1:14532-15263	NW_003339393.1	77.75	737	157	6	1	732	7270	6536	6.22e-123	446
NW_013659493.1:100818-101335	NW_003338756.1	82.06	368	65	1	152	518	3400083	3399716	4.58e-83	313
NW_013659494.1:122704-122903	NW_003339375.1	88.94	199	22	0	2	200	134197	133999	1.66e-63	246
NW_013659507.1:213166-214606	NW_003338975.1	80.56	1420	261	9	22	1441	199678	201082	0	1079
NW_013659518.1:159578-159753	NW_003338961.1	86.36	176	24	0	1	176	47701	47876	1.9e-47	193
NW_013659521.1:147320-147457	NW_003338823.1	90.91	55	5	0	52	106	334993	335047	5.34e-12	75
NW_013659553.1:206619-206788	NW_003343485.1	82.74	168	29	0	3	170	4848	5015	1.11e-34	150
NW_013659578.1:36270-36395	NW_003343414.1	90.48	126	12	0	1	126	6331	6456	7.63e-40	167
NW_013659582.1:73198-74192	NW_003338955.1	75.46	868	205	7	135	995	243878	244744	6.69e-114	416
NW_013659584.1:155693-155846	NW_003338749.1	80.64	155	28	2	1	154	3967914	3968067	2.78e-25	119
NW_013659590.1:113896-117208	NW_003340461.1	81.71	164	26	4	701	862	18630	18791	2.57e-28	134
NW_013659594.1:205389-205595	NC_014777.1	85.02	207	31	0	1	207	113365133	113365339	6.29e-53	211
NW_013659605.1:71361-71977	NW_003339269.1	80.55	622	111	9	1	617	37186	36570	3.09e-130	470
NW_013659605.1:73194-74618	NW_003339269.1	83.03	1426	236	4	3	1425	34453	33031	0	1288
NW_013659615.1:100458-100831	NC_014777.1	79.48	346	66	5	14	357	114786990	114786648	1.55e-61	241
NW_013659615.1:87935-88774	NC_014777.1	84.01	494	79	0	347	840	114810449	114809956	9.15e-132	475
NW_013659616.1:5839-6942	NW_003338771.1	72.73	1144	255	43	3	1104	2377397	2376269	2.77e-88	331
NW_013659624.1:161986-162153	NC_014779.1	89.44	161	17	0	1	161	87743722	87743562	8.29e-51	204
NW_013659628.1:73914-74051	NW_003339380.1	85.51	138	20	0	1	138	12806	12943	4.01e-33	145
NW_013659632.1:13285-13607	NW_003339040.1	84.69	209	32	0	3	211	20711	20919	3.73e-52	209
NW_013659632.1:6945-7158	NW_003339040.1	89.34	197	21	0	16	212	16385	16581	4.98e-64	248
NW_013659641.1:78242-78442	NW_003339017.1	88.06	201	24	0	1	201	353343	353543	2.79e-61	239
NW_013659641.1:97670-97877	NW_003339017.1	85.1	208	31	0	1	208	371838	372045	1.76e-53	213
NW_013659651.1:179296-179472	NW_003339025.1	88.57	175	20	0	1	175	128712	128538	1.46e-53	213
NW_013659662.1:27153-27575	NW_003338752.1	85.65	216	23	5	213	423	4133514	4133726	2.3e-55	220
NW_013659667.1:101526-101666	NC_014780.1	82.27	141	25	0	1	141	108371704	108371844	1.93e-26	122
NW_013659683.1:123315-123567	NW_003339146.1	84.8	250	38	0	4	253	5160	4911	4.66e-65	252
NW_013659683.1:3649-4268	NW_003344318.1	78.97	642	112	15	1	620	1359	1999	4.1e-114	416
NW_013659688.1:20678-20815	NW_003339596.1	82.05	117	15	6	5	117	102063	102177	4.1e-18	95.3
NW_013659728.1:119395-121758	NW_003339037.1	77.2	2395	493	35	1	2364	185775	188147	0	1349
NW_013659728.1:22486-22838	NW_003339847.1	87.89	190	21	2	98	286	35068	34880	5.27e-56	222
NW_013659730.1:265963-266174	NW_003339439.1	88.21	212	25	0	1	212	17792	18003	1.06e-65	254
NW_013659733.1:21646-23029	NW_003338798.1	71.65	1016	271	13	1	1006	1307185	1308193	3.6e-68	265
NW_013659735.1:44472-44760	NW_003339049.1	87.2	289	37	0	1	289	605959	605671	2.43e-88	329
NW_013659738.1:153600-153744	NC_014781.1	88.39	112	13	0	34	145	1144060	1143949	2.57e-30	135
NW_013659744.1:200316-201462	NW_003339208.1	84.53	1138	172	4	1	1136	290100	291235	0	1123
NW_013659744.1:200316-202280	NW_003339208.1	81.36	1985	322	34	1	1965	290100	292056	0	1572
NW_013659780.1:151591-151714	NC_014779.1	93.1	116	8	0	9	124	95535757	95535872	5.78e-41	171
NW_013659787.1:72358-72525	NW_003339063.1	88.1	168	20	0	1	168	78442	78275	1.07e-49	200
NW_013659790.1:77855-78017	NW_003339283.1	84.05	163	26	0	1	163	271550	271388	6.31e-37	158
NW_013659804.1:26767-29368	NW_003339479.1	78.11	475	73	18	1	446	17382	16910	4.08e-70	272
NW_013659804.1:29665-29789	NW_003339479.1	86.18	123	17	0	3	125	12711	12589	7.66e-30	134
NW_013659805.1:133628-133785	NC_014777.1	84.81	158	24	0	1	158	73136927	73137084	1.69e-37	159
NW_013659805.1:138781-138938	NC_014777.1	84.81	158	24	0	1	158	73136927	73137084	1.69e-37	159
NW_013659810.1:41292-41486	NW_003339053.1	84.61	195	30	0	1	195	157359	157553	5.91e-48	195
NW_013659810.1:67816-68101	NW_003339053.1	84.61	286	44	0	1	286	184323	184608	5.26e-75	285
NW_013659816.1:121171-122186	NC_014779.1	79.5	1029	182	20	1	1016	110262164	110263176	0	704
NW_013659818.1:334138-334327	NW_003339475.1	92.86	70	4	1	119	188	17002	16934	1.28e-19	100
NW_013659822.1:151571-151771	NW_003339476.1	81	200	38	0	2	201	40390	40589	2.23e-37	159
NW_013659856.1:33152-33332	NW_003341019.1	86.19	181	25	0	1	181	13466	13646	1.51e-48	196
NW_013659856.1:33799-33933	NW_003341019.1	87.97	133	16	0	3	135	13783	13915	5.01e-37	158
NW_013659858.1:238100-238614	NW_003339061.1	85.33	450	63	3	2	449	326727	326279	4.27e-128	462
NW_013659861.1:89749-90691	NC_014777.1	78.98	766	143	14	185	938	194531892	194532651	3.65e-141	507
NW_013659874.1:31521-31765	NW_003339580.1	80.57	247	44	4	1	245	40516	40272	1.28e-45	187
NW_013659875.1:50685-50850	NW_003338747.1	87.5	160	20	0	7	166	1401598	1401757	2.96e-45	185
NW_013659875.1:52537-53441	NW_003338747.1	84.49	909	135	3	1	903	1404562	1405470	0	893
NW_013659875.1:7640-8867	NW_003338747.1	83.28	1232	198	5	1	1228	1366035	1367262	0	1127
NW_013659878.1:243351-243476	NW_003339553.1	83.87	124	18	2	4	126	73725	73603	7.8e-25	117
NW_013659879.1:73577-74478	NW_003339487.1	86.33	278	27	8	626	896	104778	105051	1.06e-76	292
NW_013659880.1:25324-27634	NW_003339119.1	72.56	2285	559	44	48	2283	117768	115503	0	684
NW_013659905.1:139095-139270	NC_014780.1	84.18	177	26	2	1	176	25847061	25846886	8.88e-41	171
NW_013659908.1:57171-57399	NW_003339106.1	79.39	228	47	0	2	229	381859	381632	7.21e-38	161
NW_013659916.1:71703-71852	NW_003339417.1	90.97	144	13	0	7	150	55139	54996	4.35e-48	195
NW_013659932.1:240788-240910	NC_014780.1	88.57	105	12	0	1	105	22238806	22238910	3.49e-28	128
NW_013659936.1:52211-52352	NW_003338982.1	89.71	136	14	0	7	142	146041	145906	5.3e-42	174
NW_013659946.1:16539-17837	NW_003338887.1	86.4	963	129	2	1	962	69611	68650	0	1051
NW_013659959.1:140653-142643	NW_003339104.1	90.91	55	5	0	1088	1142	33724	33778	9.43e-11	75
NW_013659973.1:52131-52652	NC_014776.1	83.49	527	80	6	1	522	205373644	205374168	9.24e-135	484
NW_013659979.1:98409-98600	NW_003338994.1	78.92	166	31	4	3	166	620727	620890	2.16e-22	110
NW_013659997.1:69594-70619	NC_014777.1	78.32	1033	208	13	1	1025	96838478	96837454	0	652
NW_013660006.1:20616-20850	NC_014780.1	86.81	235	29	2	1	234	50528345	50528112	7.12e-68	261
NW_013660008.1:112295-112510	NW_003339949.1	91.67	216	18	0	1	216	36789	36574	1.37e-79	300
NW_013660008.1:15335-15458	NW_003339404.1	90.16	122	12	0	1	122	45907	46028	1.25e-37	159
NW_013660008.1:17235-17381	NW_003339404.1	89.8	147	15	0	1	147	53708	53854	1.97e-46	189
NW_013660012.1:109680-109840	NC_014776.1	83.12	160	25	2	3	161	129623361	129623203	4.84e-33	145
NW_013660014.1:122698-123279	NW_003338986.1	84.78	138	21	0	1	138	14121	13984	9.29e-31	139
NW_013660014.1:125745-126326	NW_003338986.1	84.78	138	21	0	1	138	14121	13984	9.29e-31	139
NW_013660044.1:208502-208653	NC_014780.1	85.92	142	20	0	6	147	51057134	51056993	2.7e-35	152
NW_013660046.1:132779-132988	NW_003338947.1	84.24	203	23	5	8	210	444313	444120	2.99e-46	189
NW_013660050.1:106094-106310	NW_003339917.1	83.03	218	34	3	2	217	38621	38837	6.68e-48	195
NW_013660050.1:109063-109197	NW_003339917.1	89.63	135	14	0	1	135	49565	49699	1.79e-41	172
NW_013660050.1:110003-110177	NW_003339917.1	87.75	147	18	0	3	149	50963	51109	2.45e-41	172
NW_013660052.1:34898-35625	NC_014780.1	72.97	688	142	29	66	728	730266	729598	5.31e-49	200
NW_013660075.1:83132-83914	NW_003338847.1	78.93	674	126	12	122	783	1180655	1181324	2.4e-122	444
NW_013660078.1:75308-75589	NC_014776.1	85.26	285	36	4	1	282	96662460	96662741	4.01e-76	289
NW_013660085.1:106530-107210	NC_014779.1	92.23	682	51	2	1	681	52637170	52636490	0	965
NW_013660100.1:4360-5280	NW_003338842.1	86.33	922	124	2	1	921	511175	510255	0	1003
NW_013660101.1:14896-18179	NC_014779.1	77.37	1432	275	33	1871	3279	152516955	152515550	0	804
NW_013660159.1:104746-105021	NW_003339782.1	82.81	128	21	1	48	174	11924	11797	2.53e-23	113
NW_013660159.1:97553-97813	NW_003339782.1	90	260	26	0	1	260	17399	17658	1.29e-90	337
NW_013660162.1:103292-105805	NW_003341223.1	71.48	2328	586	63	109	2393	2366	4658	1.63e-153	549
NW_013660171.1:61850-62012	NW_003338765.1	88.82	161	18	0	3	163	182640	182480	3.72e-49	198
NW_013660172.1:124105-124706	NW_003338852.1	88.98	599	66	0	1	599	1604278	1604876	0	741
NW_013660172.1:127468-127678	NW_003338852.1	88.57	210	24	0	2	211	1610568	1610777	2.93e-66	255
NW_013660178.1:127170-128154	NC_014776.1	79.65	403	80	2	584	985	205721569	205721168	1.51e-75	289
NW_013660196.1:48072-49106	NW_003338915.1	82.06	1009	162	10	11	1008	884432	885432	0	843
NW_013660200.1:147247-147402	NW_003339011.1	83.94	137	22	0	11	147	381324	381460	3.63e-29	132
NW_013660213.1:122194-122333	NW_003339576.1	91.8	61	5	0	80	140	41251	41191	2.51e-15	86.1
NW_013660213.1:122197-122333	NW_003339576.1	91.8	61	5	0	77	137	41251	41191	2.44e-15	86.1
NW_013660217.1:107659-108644	NC_014777.1	86.27	998	120	13	1	985	152311597	152312590	0	1068
NW_013660229.1:2179-2320	NC_014786.1	90.78	141	13	0	2	142	3973376	3973516	1.89e-46	189
NW_013660251.1:118610-118789	NW_003339452.1	85.08	181	25	2	1	180	133231	133052	1.17e-44	183
NW_013660252.1:132384-132575	NC_014779.1	84.28	159	25	0	34	192	88631552	88631394	2.74e-36	156
NW_013660278.1:105006-105185	NC_014786.1	83.33	108	16	2	74	180	4050673	4050567	4.36e-19	99
NW_013660280.1:142407-142540	NC_014779.1	83.48	115	19	0	20	134	112207648	112207534	5.07e-22	108
NW_013660297.1:59484-59663	NC_014780.1	87.88	165	20	0	16	180	105426153	105425989	5.41e-48	195
NW_013660297.1:81695-81822	NC_014780.1	92.74	124	9	0	5	128	105349654	105349531	1e-43	180
NW_013660303.1:32758-33558	NW_003339104.1	85	100	15	0	579	678	208366	208267	1.7e-19	102
NW_013660306.1:24379-24543	NW_003339103.1	87.16	109	14	0	34	142	420888	420780	6.49e-27	124
NW_013660306.1:40687-40832	NW_003339103.1	89.26	121	13	0	26	146	410319	410199	2.57e-35	152
NW_013660319.1:53507-53671	NW_003338797.1	88.48	165	19	0	1	165	1769393	1769557	1.05e-49	200
NW_013660321.1:64423-64607	NC_014788.1	89.19	185	20	0	1	185	109349	109533	4.26e-59	231
NW_013660321.1:68381-68607	NC_014788.1	87.74	212	24	2	1	210	116389	116600	1.92e-63	246
NW_013660324.1:33750-34196	NW_003341156.1	82.19	219	35	4	116	332	741	957	8.9e-45	185
NW_013660330.1:14995-15182	NW_003339058.1	86.7	188	25	0	1	188	526839	526652	2.02e-52	209
NW_013660342.1:35853-36155	NW_003338881.1	90.19	214	18	2	19	230	384925	384713	3.38e-72	276
NW_013660356.1:29031-29585	NW_003339176.1	75.43	289	56	11	167	452	79156	78880	6.88e-27	126
NW_013660356.1:34892-35055	NW_003339176.1	93.42	76	5	0	1	76	74532	74457	1.4e-23	113
NW_013660374.1:61907-62150	NW_003338848.1	82.16	241	39	3	3	241	809057	808819	1.27e-50	204
NW_013660397.1:49543-49674	NW_003339304.1	82.43	74	13	0	59	132	61802	61729	3.04e-09	65.8
NW_013660410.1:74562-74737	NC_014780.1	88.07	176	21	0	1	176	95505418	95505243	1.88e-52	209
NW_013660444.1:28458-28611	NW_003339351.1	89.54	153	16	0	1	153	149663	149511	4.49e-48	195
NW_013660485.1:15696-15831	NW_003339610.1	84.69	98	15	0	20	117	57317	57414	3.11e-19	99
NW_013660485.1:16976-17113	NW_003339610.1	85.51	138	20	0	1	138	57665	57802	4.01e-33	145
NW_013660504.1:86760-87779	NC_014776.1	89.83	59	6	0	962	1020	4269171	4269113	1.32e-11	76.8
NW_013660505.1:53365-53517	NW_003339759.1	87.32	142	18	0	8	149	17726	17585	1.26e-38	163
NW_013660505.1:55079-56703	NW_003339759.1	83.66	404	63	1	1225	1625	12340	11937	5.22e-102	377
NW_013660516.1:33563-34438	NC_014779.1	82.3	836	130	10	51	874	60094592	60095421	0	708
NW_013660522.1:5656-5833	NW_003338743.1	88.2	178	21	0	1	178	1364658	1364835	1.47e-53	213
NW_013660524.1:55222-56272	NC_014779.1	85.37	294	43	0	758	1051	93288614	93288321	1.6e-80	305
NW_013660525.1:67399-67617	NC_014777.1	89.23	130	14	0	90	219	187486	187357	1.9e-38	163
NW_013660527.1:1005-1143	NW_003338833.1	82.01	139	25	0	1	139	1014197	1014059	2.45e-25	119
NW_013660556.1:72872-73288	NC_014777.1	85.93	135	19	0	2	136	99306667	99306801	1.4e-32	145
NW_013660559.1:71879-72069	NW_003341014.1	87.03	185	24	0	3	187	4949	4765	2.06e-52	209
NW_013660597.1:49904-50074	NW_003338765.1	87.16	109	11	1	66	171	2301244	2301352	8.77e-26	121
NW_013660604.1:100548-102089	NC_014776.1	78.19	1559	288	36	1	1542	238940437	238941960	0	948
NW_013660609.1:75170-75364	NW_003338792.1	86.15	195	27	0	1	195	36908	37102	5.86e-53	211
NW_013660611.1:771-4505	NW_003339207.1	81.75	866	146	12	715	1574	199147	200006	0	713
NW_013660612.1:43210-44479	NC_014780.1	77.15	1278	252	27	1	1270	74974530	74975775	0	706
NW_013660635.1:52382-55594	NW_003340068.1	77.79	1342	214	54	1437	2722	10900	12213	0	750
NW_013660647.1:14627-15527	NC_014780.1	85.24	901	133	0	1	901	6457676	6456776	0	928
NW_013660705.1:72533-72664	NC_014784.1	90.98	133	10	2	1	132	5733055	5732924	3.74e-43	178
NW_013660710.1:63045-63274	NW_003339791.1	84.92	199	30	0	32	230	26031	26229	4.27e-50	202
NW_013660751.1:41412-41726	NW_003338947.1	81.67	251	43	2	10	257	61266	61516	4.69e-51	206
NW_013660755.1:37020-37565	NW_003339187.1	78.68	136	29	0	142	277	206195	206060	2.47e-16	91.6
NW_013660797.1:29578-29796	NW_003339221.1	83.41	217	36	0	3	219	65226	65442	4.04e-50	202
NW_013660810.1:29228-29994	NW_003339086.1	89.22	102	11	0	506	607	113448	113347	2.69e-27	128
NW_013660835.1:50181-52535	NW_003339128.1	79.91	463	87	4	1	463	375190	375646	4.64e-89	335
NW_013660852.1:34507-35517	NW_003340156.1	81.03	1028	162	20	5	1011	5933	4918	0	787
NW_013660854.1:65583-65729	NC_014781.1	90.41	146	14	0	2	147	49997674	49997529	1.53e-47	193
NW_013660866.1:20154-20419	NW_003338846.1	80.6	268	48	4	1	266	1642127	1641862	1.4e-50	204
NW_013660889.1:49537-49803	NC_014777.1	88.28	239	28	0	29	267	163679956	163680194	1.36e-75	287
NW_013660893.1:10437-11746	NW_003338829.1	83.9	1323	178	18	1	1310	194282	192982	0	1230
NW_013660915.1:38574-40093	NC_014778.1	78.9	1512	287	27	25	1520	10263215	10264710	0	996
NW_013660922.1:51510-51795	NW_003339389.1	87.32	284	34	2	4	286	60288	60006	1.12e-86	324
NW_013660933.1:753-1856	NC_014779.1	76.33	1094	226	24	3	1075	10737883	10738964	1.51e-155	555
NW_013660935.1:5537-5687	NW_003338784.1	86.09	151	21	0	1	151	1764496	1764646	1.24e-38	163
NW_013660938.1:16674-16840	NC_014778.1	86.71	158	21	0	1	158	196090907	196091064	1.79e-42	176
NW_013660976.1:5414-7244	NC_014784.1	74.77	1641	382	27	25	1649	5687970	5686346	0	708
NW_013661049.1:16971-21823	NC_014779.1	77.52	1139	230	22	1	1126	136714516	136715641	0	662
NW_013661050.1:19971-20173	NW_003341920.1	83.23	155	26	0	49	203	3581	3735	2.27e-32	143
NW_013661076.1:49795-52458	NW_003338810.1	79.34	2672	534	15	1	2663	1279086	1281748	0	1860
NW_013661099.1:46062-46377	NW_003338895.1	84.18	316	50	0	1	316	569487	569172	1.25e-81	307
NW_013661150.1:46126-46299	NW_003341706.1	87.73	163	18	2	13	174	2879	3040	2.42e-46	189
NW_013661170.1:19358-19528	NW_003338842.1	85.8	162	23	0	10	171	1566550	1566711	2.39e-41	172
NW_013661170.1:22334-22466	NW_003338842.1	84.92	126	19	0	1	126	1568091	1568216	3.86e-28	128
NW_013661192.1:24936-25489	NW_003339556.1	81.88	309	53	3	248	554	57708	58015	2.33e-66	257
NW_013661201.1:9061-9239	NC_014777.1	84.05	163	26	0	17	179	285388	285550	7.05e-37	158
NW_013661213.1:3344-3908	NW_003338877.1	83.63	556	86	4	13	565	648469	649022	9.9e-145	518
NW_013661219.1:3595-4640	NC_014776.1	82.29	1056	149	28	1	1043	158555637	158556667	0	880
NW_013661224.1:11183-11390	NW_003339190.1	86.89	206	27	0	3	208	43235	43030	4.85e-59	231
NW_013661249.1:43569-43756	NW_003339097.1	88.83	188	21	0	1	188	40246	40433	4.31e-59	231
NW_013661256.1:15532-15662	NW_003338771.1	84.73	131	20	0	1	131	1385893	1386023	2.93e-29	132
NW_013661264.1:16428-17007	NW_003338814.1	80.45	583	108	5	1	580	1239989	1239410	2.27e-121	440
NW_013661279.1:40043-40281	NW_003340051.1	85.36	239	35	0	1	239	7783	7545	5.65e-64	248
NW_013661312.1:23754-23945	NW_003339066.1	79.19	173	36	0	9	181	457629	457457	9.98e-26	121
NW_013661381.1:13296-13418	NW_003339637.1	87.81	123	15	0	1	123	15829	15707	3.47e-33	145
NW_013661382.1:36142-36390	NW_003339934.1	79.13	254	43	8	1	249	9873	10121	1.7e-39	167
NW_013661392.1:19206-20156	NW_003339386.1	79.39	951	191	4	3	951	42266	41319	0	665
NW_013661435.1:10746-10904	NW_003339402.1	86.99	146	17	2	15	159	149655	149511	1.32e-38	163
NW_013661435.1:6105-6312	NW_003339402.1	89.1	211	20	2	1	208	155074	154864	2.23e-67	259
NW_013661483.1:963-1194	NC_014779.1	86.15	231	32	0	2	232	93977532	93977762	1.52e-64	250
NW_013661489.1:19920-20045	NW_003339497.1	89.68	126	13	0	1	126	38582	38457	3.55e-38	161
NW_013661489.1:19920-20081	NW_003339497.1	90.08	131	13	0	1	131	38582	38452	8.05e-41	171
NW_013661547.1:30014-30216	NW_003338744.1	83.52	182	30	0	10	191	62407	62226	1.04e-40	171
NW_013661588.1:13627-13786	NC_014780.1	88.82	152	17	0	9	160	104415556	104415707	7.87e-46	187
NW_013661591.1:20570-20724	NW_003338811.1	85.25	122	16	2	35	155	447009	446889	6.02e-27	124
NW_013661604.1:12999-13156	NW_003339447.1	91.82	110	9	0	30	139	10976	11085	7.86e-36	154
NW_013661634.1:18944-19109	NW_003339844.1	88.81	143	16	0	7	149	23238	23096	1.78e-42	176
NW_013661634.1:4289-4451	NW_003339291.1	86.84	152	20	0	12	163	30472	30321	8.11e-41	171
NW_013661684.1:6247-6453	NW_003339017.1	86.47	207	28	0	1	207	444650	444856	6.24e-58	228
NW_013661684.1:8614-8774	NW_003338826.1	85.71	161	21	2	2	161	336908	337067	2.87e-40	169
NW_013661718.1:36048-37294	NW_003340790.1	79.84	1250	169	38	2	1247	10280	9110	0	835
NW_013661730.1:3218-3734	NW_003338932.1	87.08	503	65	0	1	503	837193	837695	2.45e-160	569
NW_013661819.1:26929-28263	NW_003338747.1	77.77	1345	276	21	1	1335	3746381	3745050	0	806
NW_013661879.1:13970-14225	NW_003341559.1	87.01	154	20	0	95	248	4367	4520	1.05e-41	174
NW_013661981.1:5952-6188	NW_003339411.1	82.82	227	39	0	11	237	38457	38683	1.23e-50	204
NW_013662090.1:7633-7758	NW_003339101.1	89.68	126	13	0	1	126	52724	52849	3.55e-38	161
NW_013662155.1:8459-9219	NW_003340575.1	79.28	724	122	13	3	700	14022	14743	1.77e-133	481
NW_013662251.1:2185-2314	NW_003339233.1	90.7	129	12	0	2	130	261696	261824	1.71e-41	172
