qseqid	sseqid	pident	length	mismatch	gapopen	qstart	qend	sstart	send	evalue	bitscore
NW_013657681.1:2859451-2859883	NW_018150846.1	80.73	436	76	6	2	433	1884796	1885227	2.77e-89	333
NW_013657681.1:291857-294683	NW_018150723.1	72.3	426	104	12	942	1357	4523492	4523913	1.62e-24	121
NW_013657681.1:3211050-3211191	NW_018151788.1	82.44	131	23	0	3	133	154724	154854	3.11e-24	115
NW_013657682.1:896304-896574	NW_018150919.1	90.56	233	22	0	7	239	299029	299261	2.81e-82	309
NW_013657684.1:454613-454790	NW_018151059.1	77.78	171	32	6	6	173	1171218	1171385	1.14e-19	100
NW_013657685.1:398041-398911	NW_018150737.1	85.88	878	112	9	3	871	1078060	1077186	0	924
NW_013657686.1:1584636-1584853	NW_018150860.1	91.11	45	4	0	155	199	1711893	1711849	6.78e-08	62.1
NW_013657687.1:1973384-1974985	NW_018150902.1	90.24	1608	151	1	1	1602	1494708	1493101	0	2095
NW_013657688.1:1042316-1042813	NW_018150708.1	89.43	473	50	0	26	498	719220	718748	1.03e-168	597
NW_013657688.1:2521799-2521963	NW_018150789.1	88.89	135	15	0	30	164	2155006	2154872	1.02e-39	167
NW_013657689.1:1014814-1014951	NW_018151556.1	97.06	34	1	0	17	50	45026	44993	5.13e-07	58.4
NW_013657690.1:2287575-2287732	NW_018150720.1	87.9	157	19	0	2	158	1424239	1424395	2.66e-45	185
NW_013657691.1:2235822-2236453	NW_018151072.1	81.82	495	86	3	140	632	1245846	1246338	5.16e-113	412
NW_013657697.1:1339805-1341733	NW_018150894.1	81.64	1133	200	4	775	1906	138755	139880	0	933
NW_013657698.1:162073-162369	NW_018151188.1	80.47	297	58	0	1	297	842532	842236	8.95e-58	228
NW_013657698.1:2053757-2054186	NW_018150760.1	80.56	355	65	4	78	430	2284082	2284434	2.19e-70	270
NW_013657698.1:359074-360333	NW_018150853.1	72.19	1316	290	44	3	1259	950029	948731	8.43e-89	333
NW_013657699.1:552292-552535	NW_018151158.1	80.56	252	39	9	1	244	110260	110509	4.39e-45	185
NW_013657701.1:920766-920930	NW_018150709.1	87.5	160	20	0	1	160	5911348	5911189	2.8e-45	185
NW_013657702.1:1516302-1517441	NW_018150762.1	80.97	1156	196	16	1	1138	2873591	2872442	0	894
NW_013657703.1:117628-117797	NW_018150866.1	85.29	170	25	0	1	170	2132899	2132730	1.75e-42	176
NW_013657704.1:1122559-1123162	NW_018151383.1	74.18	612	139	16	1	604	287005	287605	3.18e-60	237
NW_013657704.1:1129111-1130517	NW_018151383.1	100	34	0	0	424	457	292367	292400	1.37e-07	63.9
NW_013657704.1:1695005-1695788	NW_018151026.1	87.63	582	69	2	1	582	500785	501363	0	673
NW_013657704.1:742146-742272	NW_018150952.1	90.52	116	11	0	1	116	1429099	1429214	5.73e-36	154
NW_013657707.1:1989951-1990181	NW_018151419.1	85.55	173	25	0	59	231	309073	309245	5.33e-44	182
NW_013657709.1:1574941-1575120	NW_018150832.1	88.76	178	20	0	1	178	997268	997445	3.06e-55	219
NW_013657709.1:1697030-1699353	NW_018150832.1	75.95	2337	487	53	14	2323	1119341	1121629	0	1133
NW_013657709.1:619410-619535	NW_018150702.1	86.99	123	16	0	4	126	4411630	4411508	1.59e-31	139
NW_013657709.1:706299-707171	NW_018150702.1	85.37	875	124	3	1	873	4319354	4318482	0	904
NW_013657711.1:111802-112193	NW_018150867.1	82.86	140	24	0	1	140	1539950	1539811	4.54e-27	126
NW_013657711.1:1369536-1369658	NW_018151058.1	88.98	118	13	0	1	118	689827	689944	9.2e-34	147
NW_013657711.1:1634961-1635242	NW_018151058.1	79.86	283	55	2	1	282	936529	936810	3.96e-51	206
NW_013657711.1:1697106-1697384	NW_018151058.1	84.59	279	43	0	1	279	1005049	1005327	8.17e-73	278
NW_013657711.1:1802884-1803023	NW_018151058.1	83.33	138	23	0	1	138	1082198	1082335	3.92e-28	128
NW_013657711.1:1819940-1820209	NW_018151058.1	82.2	264	47	0	1	264	1098990	1099253	8.05e-58	228
NW_013657711.1:1867304-1867894	NW_018151058.1	84.43	591	92	0	1	591	1148493	1149083	3.46e-164	582
NW_013657711.1:1891156-1891455	NW_018151058.1	81.11	270	51	0	1	270	1174428	1174697	1.96e-54	217
NW_013657711.1:1894927-1895223	NW_018151058.1	84.75	295	45	0	1	295	1177542	1177836	2.42e-78	296
NW_013657711.1:1896627-1896926	NW_018151058.1	87.38	301	36	2	1	300	1178752	1179051	8.61e-93	344
NW_013657711.1:1897016-1899082	NW_018151058.1	84.96	2068	309	2	1	2067	1179157	1181223	0	2095
NW_013657711.1:1904097-1904690	NW_018151058.1	83	594	101	0	1	594	1185165	1185758	7.65e-151	538
NW_013657711.1:194982-195170	NW_018150867.1	87.3	189	24	0	1	189	1421376	1421188	1.17e-54	217
NW_013657713.1:1074747-1075318	NW_018151162.1	82.76	557	92	4	2	556	902844	903398	1.61e-137	494
NW_013657715.1:303346-303561	NW_018150890.1	77.95	127	24	3	1	125	1566452	1566328	2.4e-12	76.8
NW_013657718.1:186537-186691	NW_018150750.1	85.82	141	20	0	10	150	2683935	2684075	9.48e-35	150
NW_013657718.1:188650-191331	NW_018150750.1	76.37	931	189	20	139	1046	2684515	2685437	3.69e-130	472
NW_013657723.1:1700193-1703347	NW_018151223.1	74.53	3200	710	86	4	3155	677448	674306	0	1297
NW_013657723.1:491723-491870	NW_018151282.1	85.29	136	18	2	14	148	399202	399068	1.94e-31	139
NW_013657724.1:1714757-1715164	NW_018150922.1	86.49	385	50	2	3	386	33213	32830	5.4e-116	422
NW_013657725.1:1318764-1321202	NW_018150860.1	84.1	2428	377	3	15	2439	2227499	2225078	0	2337
NW_013657725.1:1385770-1388997	NW_018150860.1	81.75	3249	552	21	2	3228	2153586	2150357	0	2676
NW_013657725.1:408659-408863	NW_018151192.1	84.89	139	18	3	4	142	891476	891611	1.02e-30	137
NW_013657725.1:604604-604781	NW_018150860.1	84.17	139	20	2	27	164	2825872	2825735	1.13e-29	134
NW_013657725.1:910543-910672	NW_018150860.1	89.52	124	12	1	7	129	2570573	2570450	1.64e-36	156
NW_013657727.1:745450-745660	NW_018150756.1	84.43	212	31	2	1	211	449132	449342	7.93e-52	207
NW_013657727.1:757271-757454	NW_018150756.1	86.83	167	22	0	1	167	453202	453368	8.86e-46	187
NW_013657727.1:772146-772324	NW_018150756.1	89.27	177	19	0	3	179	483660	483836	2.35e-56	222
NW_013657727.1:834832-835019	NW_018150756.1	87.23	188	24	0	1	188	560120	560307	4.17e-54	215
NW_013657727.1:993784-993935	NW_018151214.1	91.45	152	13	0	1	152	314303	314152	1.51e-52	209
NW_013657728.1:261852-263336	NW_018150715.1	75.35	994	205	29	2	975	5904736	5903763	1.59e-121	442
NW_013657728.1:738275-738399	NW_018151044.1	86.18	123	17	0	3	125	654485	654363	7.31e-30	134
NW_013657728.1:743605-743800	NW_018151044.1	90.62	192	18	0	5	196	653412	653221	2.56e-66	255
NW_013657728.1:745164-745356	NW_018151044.1	87.27	165	18	3	1	165	652804	652643	3.37e-45	185
NW_013657728.1:746752-746904	NW_018151044.1	91.45	152	13	0	1	152	650842	650691	1.52e-52	209
NW_013657729.1:353470-353655	NW_018150878.1	83.75	160	24	2	28	186	2050414	2050572	1.18e-34	150
NW_013657730.1:1725943-1726090	NW_018150841.1	88.19	144	17	0	5	148	1216524	1216381	1.91e-41	172
NW_013657732.1:1444556-1444962	NW_018150717.1	79.71	409	73	9	4	407	3814454	3814051	2.05e-75	287
NW_013657732.1:1444563-1444962	NW_018150717.1	80.48	374	67	5	30	400	3814421	3814051	9.37e-74	281
NW_013657736.1:669379-670402	NW_018150732.1	85.07	1025	149	4	1	1023	3537556	3536534	0	1042
NW_013657738.1:1751224-1751442	NW_018151229.1	86.51	215	29	0	5	219	84146	83932	1.06e-60	237
NW_013657738.1:1762898-1763046	NW_018151229.1	88.59	149	17	0	1	149	72723	72575	3.2e-44	182
NW_013657739.1:1016070-1016291	NW_018151388.1	78.11	201	38	5	3	200	376067	376264	3.13e-26	122
NW_013657739.1:1026252-1026382	NW_018151388.1	77.86	131	29	0	1	131	387658	387788	2.85e-14	82.4
NW_013657739.1:643679-643802	NW_018150951.1	84.48	58	9	0	1	58	598393	598450	4.48e-07	58.4
NW_013657739.1:732791-733135	NW_018151197.1	90.14	345	34	0	1	345	707933	708277	2.07e-124	449
NW_013657739.1:748439-748636	NW_018151197.1	82.87	181	31	0	18	198	747287	747467	1.62e-38	163
NW_013657739.1:758381-758580	NW_018151197.1	89.85	197	20	0	1	197	762748	762944	9.44e-66	254
NW_013657739.1:772162-772425	NW_018151197.1	88.72	266	25	4	1	262	95597	95333	1.26e-85	320
NW_013657739.1:919211-919992	NW_018151388.1	81.09	513	60	22	302	779	226286	226796	8.45e-102	375
NW_013657739.1:956295-957325	NW_018151388.1	85.3	1027	136	11	8	1031	288150	289164	0	1046
NW_013657739.1:968055-969234	NW_018151388.1	85.76	990	133	5	14	999	304328	305313	0	1040
NW_013657742.1:1432408-1432620	NW_018150715.1	89.67	213	22	0	1	213	3373241	3373453	2.8e-71	272
NW_013657742.1:1483122-1486502	NW_018150697.1	77.87	610	79	33	2815	3381	1914219	1914815	1.07e-86	327
NW_013657742.1:1487731-1487963	NW_018150697.1	90.56	233	22	0	1	233	1916386	1916618	2.37e-82	309
NW_013657742.1:1500187-1501917	NW_018150697.1	80.11	1574	280	22	6	1552	1926984	1928551	0	1142
NW_013657742.1:1659675-1659918	NW_018151433.1	91.3	230	20	0	3	232	407737	407966	5.36e-84	315
NW_013657742.1:1668334-1668505	NW_018151433.1	85.11	141	20	1	1	140	413325	413465	1.8e-32	143
NW_013657743.1:831002-831888	NW_018150924.1	78.72	888	187	2	1	887	1238991	1238105	8.79e-167	592
NW_013657745.1:1358426-1358680	NW_018150851.1	77.25	233	53	0	1	233	239504	239736	1.31e-30	137
NW_013657745.1:558700-559345	NW_018151465.1	78.05	647	135	6	5	646	208250	207606	1.14e-109	401
NW_013657745.1:65728-66000	NW_018151033.1	87.82	271	33	0	3	273	1064884	1064614	4.7e-85	318
NW_013657746.1:1139454-1139616	NW_018150729.1	81.58	152	24	3	1	150	2179451	2179600	2.2e-26	122
NW_013657746.1:1163747-1164252	NW_018151621.1	85.66	502	72	0	5	506	155618	155117	3.88e-148	529
NW_013657746.1:1371257-1371495	NW_018151282.1	77.43	226	45	5	17	239	488134	488356	2.04e-28	130
NW_013657752.1:759979-760137	NW_018151111.1	86.79	159	21	0	1	159	855865	855707	4.49e-43	178
NW_013657753.1:1181229-1181423	NW_018151214.1	93.33	195	13	0	1	195	702760	702566	2.51e-76	289
NW_013657753.1:1373814-1374218	NW_018150926.1	86.07	402	56	0	4	405	503977	503576	2.48e-119	433
NW_013657753.1:319961-320112	NW_018151153.1	90.48	147	14	0	6	152	785312	785166	4.22e-48	195
NW_013657753.1:329652-329805	NW_018151153.1	85.33	150	22	0	1	150	801989	802138	2.02e-36	156
NW_013657755.1:942199-942427	NW_018150860.1	92	50	4	0	96	145	132564	132613	1.19e-10	71.3
NW_013657756.1:144685-144822	NW_018150954.1	88.41	138	16	0	1	138	1921953	1921816	8.16e-40	167
NW_013657756.1:200504-200630	NW_018150954.1	93.27	104	7	0	24	127	1846520	1846417	5.73e-36	154
NW_013657756.1:272991-273127	NW_018150954.1	83.58	134	22	0	4	137	1682444	1682311	1.37e-27	126
NW_013657756.1:273851-273995	NW_018150954.1	88.97	145	16	0	1	145	1680481	1680337	1.11e-43	180
NW_013657756.1:292334-292458	NW_018150954.1	89.43	123	13	0	3	125	1623879	1623757	1.56e-36	156
NW_013657756.1:307972-308117	NW_018150954.1	90.7	129	11	1	16	144	1602490	1602363	6.77e-41	171
NW_013657756.1:309827-310005	NW_018150954.1	89.39	179	19	0	1	179	1598760	1598582	1.82e-57	226
NW_013657756.1:394074-394302	NW_018151153.1	79.58	240	32	11	1	224	288729	288967	3.2e-36	156
NW_013657756.1:419262-419494	NW_018151153.1	88.24	204	24	0	27	230	317530	317733	6.77e-63	244
NW_013657758.1:1256767-1256928	NW_018150841.1	90.12	162	16	0	1	162	2370490	2370651	4.52e-53	211
NW_013657758.1:1388483-1388705	NW_018150841.1	83.71	221	34	2	2	221	2466619	2466400	8.45e-52	207
NW_013657758.1:1399920-1400142	NW_018150841.1	83.26	221	35	2	2	221	2466619	2466400	3.93e-50	202
NW_013657758.1:720704-720925	NW_018150834.1	87.39	222	28	0	1	222	3170411	3170190	2.96e-66	255
NW_013657758.1:726924-727159	NW_018150834.1	84.75	236	36	0	1	236	3165525	3165290	1.15e-60	237
NW_013657758.1:793441-793650	NW_018150834.1	83.81	210	32	2	1	209	3101423	3101215	4.75e-49	198
NW_013657759.1:1040493-1044163	NW_018150716.1	79.13	992	179	19	2692	3662	3759047	3760031	0	660
NW_013657760.1:634217-634374	NW_018151503.1	83.02	159	25	2	1	158	311165	311322	1.62e-32	143
NW_013657761.1:1533831-1533991	NW_018151000.1	82.12	151	27	0	2	152	843660	843810	1.29e-28	130
NW_013657761.1:1534765-1534895	NW_018151000.1	83.97	131	21	0	1	131	845299	845429	1.3e-27	126
NW_013657761.1:344113-344242	NW_018151638.1	91.47	129	11	0	2	130	40242	40370	3.5e-43	178
NW_013657761.1:353406-353540	NW_018151805.1	84.3	121	15	3	17	135	39466	39584	2.92e-24	115
NW_013657762.1:1430279-1430440	NW_018150720.1	87.82	156	19	0	7	162	112184	112029	9.86e-45	183
NW_013657763.1:436036-436176	NW_018151175.1	92.81	139	10	0	3	141	322777	322639	2.3e-50	202
NW_013657763.1:537143-539128	NW_018151175.1	86.96	230	30	0	1757	1986	189074	188845	2.31e-66	259
NW_013657767.1:722398-722518	NW_018150717.1	87.5	128	9	6	1	121	5186001	5185874	4.19e-32	141
NW_013657767.1:988509-990274	NW_018150717.1	79.35	1051	191	17	723	1766	4965250	4964219	0	715
NW_013657767.1:992912-994831	NW_018150717.1	76.67	1830	305	56	170	1920	4961036	4959250	0	904
NW_013657768.1:104213-105002	NW_018151356.1	84.74	793	115	4	1	790	244485	243696	0	789
NW_013657768.1:1466076-1466253	NW_018151050.1	78.21	179	35	4	2	178	602737	602913	5.28e-23	111
NW_013657769.1:508761-509219	NW_018151353.1	82.35	85	15	0	333	417	563195	563111	1.97e-11	75
NW_013657774.1:1022274-1023197	NW_018150701.1	85.85	926	118	6	1	924	6699379	6700293	0	972
NW_013657775.1:1337143-1337339	NW_018150705.1	77.33	172	27	11	1	166	3088325	3088490	7.7e-17	91.6
NW_013657777.1:1184269-1184416	NW_018150926.1	85.84	113	16	0	36	148	1382456	1382344	7.03e-26	121
NW_013657777.1:1252278-1253290	NW_018150926.1	85.85	212	30	0	1	212	1347535	1347324	1.18e-56	226
NW_013657780.1:220517-220639	NW_018151182.1	87.6	121	15	0	3	123	938415	938295	4.28e-32	141
NW_013657780.1:225457-225588	NW_018151182.1	85.94	128	18	0	5	132	933950	933823	6.06e-31	137
NW_013657780.1:282804-285360	NW_018151182.1	81.42	2578	440	28	1	2557	902913	900354	0	2071
NW_013657782.1:1027450-1028441	NW_018150824.1	73.45	998	244	18	4	992	2904042	2903057	1.41e-95	355
NW_013657783.1:237323-237505	NW_018151000.1	90.16	183	18	0	1	183	1072177	1071995	2.4e-61	239
NW_013657784.1:455134-456294	NW_018151151.1	75.9	1191	239	37	1	1161	720900	722072	7.02e-159	566
NW_013657785.1:126974-127162	NW_018151201.1	85.4	137	20	0	1	137	870050	869914	2.01e-32	143
NW_013657787.1:878019-878592	NW_018150722.1	89.04	575	61	2	1	574	2369633	2370206	0	712
NW_013657789.1:1417079-1417457	NW_018150991.1	84.08	289	42	4	93	379	113229	113515	4.11e-72	276
NW_013657794.1:1144631-1144811	NW_018151084.1	86.19	181	25	0	1	181	520434	520614	1.44e-48	196
NW_013657794.1:826121-826257	NW_018151084.1	88.62	123	14	0	1	123	202529	202651	8.15e-35	150
NW_013657795.1:106787-106916	NW_018150919.1	80.47	128	25	0	3	130	2064406	2064533	2.8e-19	99
NW_013657796.1:26275-26473	NW_018151179.1	91.33	196	17	0	1	196	792209	792404	3.35e-70	268
NW_013657799.1:1397987-1398189	NW_018151313.1	86.8	197	23	1	7	203	393803	393610	1.26e-54	217
NW_013657803.1:752654-753376	NW_018151261.1	84.7	706	103	5	19	723	760044	759343	0	701
NW_013657804.1:1297485-1297668	NW_018150776.1	86.74	181	24	0	4	184	332240	332060	3.17e-50	202
NW_013657805.1:259472-259639	NW_018150784.1	84.91	159	24	0	10	168	1398092	1397934	4.83e-38	161
NW_013657809.1:1079259-1079517	NW_018150748.1	85.28	265	33	3	1	259	3843278	3843542	4.53e-70	268
NW_013657810.1:1095976-1096137	NW_018150784.1	87.04	162	21	0	1	162	2809910	2810071	9.86e-45	183
NW_013657810.1:1311685-1312343	NW_018150784.1	85.94	647	76	7	13	659	3063702	3064333	0	676
NW_013657811.1:1164170-1165585	NW_018150844.1	77.88	330	64	8	41	367	307013	307336	1.3e-47	196
NW_013657815.1:1071633-1072103	NW_018150759.1	80.05	436	87	0	1	436	296279	296714	1.82e-86	324
NW_013657815.1:1071633-1072108	NW_018150759.1	80.05	436	87	0	1	436	296279	296714	1.84e-86	324
NW_013657818.1:1306650-1306794	NW_018150773.1	82.48	137	20	3	11	145	2243615	2243749	8.87e-25	117
NW_013657820.1:55253-55578	NW_018150790.1	82.21	326	58	0	1	326	1884869	1885194	7.5e-74	281
NW_013657824.1:820945-821847	NW_018150847.1	79.4	908	166	16	7	902	59803	58905	1.14e-175	621
NW_013657824.1:946125-946377	NW_018150941.1	90.51	253	24	0	1	253	2049908	2049656	4.29e-90	335
NW_013657827.1:174338-174807	NW_018150850.1	83.85	130	21	0	1	130	2270235	2270106	1.98e-26	124
NW_013657828.1:860453-860663	NW_018151162.1	90.05	201	20	0	1	201	703879	704079	6e-68	261
NW_013657829.1:1543137-1547962	NW_018150919.1	83.12	2067	314	25	2754	4792	1297478	1299537	0	1851
NW_013657830.1:1005461-1005881	NW_018150698.1	77.43	412	86	6	5	411	3109332	3109741	6.02e-61	239
NW_013657830.1:1265551-1265682	NW_018150698.1	83.46	133	20	2	1	132	3423746	3423877	1.7e-26	122
NW_013657831.1:1286651-1288639	NW_018150778.1	82.72	1221	192	13	1	1219	1099203	1098000	0	1068
NW_013657831.1:158963-159682	NW_018150838.1	78.32	632	123	13	99	720	663398	664025	5.95e-108	396
NW_013657831.1:239327-239533	NW_018150838.1	90.34	207	20	0	1	207	791431	791637	2.71e-71	272
NW_013657831.1:250938-251105	NW_018150838.1	85.44	158	23	0	1	158	800240	800397	3.73e-39	165
NW_013657834.1:163238-163927	NW_018151380.1	82.09	698	116	3	1	689	587625	586928	8.76e-166	588
NW_013657835.1:457106-457969	NW_018150723.1	83.8	864	134	5	1	858	2073917	2074780	0	815
NW_013657839.1:503267-503413	NW_018150950.1	78.87	142	30	0	1	142	270995	271136	1.17e-18	97.1
NW_013657843.1:36570-36896	NW_018150968.1	81.94	299	54	0	21	319	768754	768456	1.64e-65	254
NW_013657845.1:116465-116603	NW_018150967.1	79.28	111	21	2	1	110	1674400	1674291	1.43e-12	76.8
NW_013657845.1:479639-479945	NW_018150967.1	85.16	310	40	4	1	307	1208639	1208333	2.49e-83	313
NW_013657846.1:750073-750272	NW_018150941.1	86.07	201	26	2	1	200	1433177	1433376	4.45e-54	215
NW_013657847.1:405049-405324	NW_018151079.1	78.39	199	39	4	80	276	1270473	1270669	3.1e-27	126
NW_013657847.1:405456-405737	NW_018151079.1	77.66	273	57	4	12	282	1270399	1270669	2.42e-38	163
NW_013657847.1:408356-408637	NW_018151079.1	81.04	269	47	4	1	268	1270390	1270655	8.51e-53	211
NW_013657847.1:428061-428342	NW_018151079.1	80.64	279	54	0	4	282	1270391	1270669	1.83e-54	217
NW_013657849.1:633626-634391	NW_018150732.1	81.43	754	130	8	21	766	4843301	4842550	7.49e-172	608
NW_013657851.1:443397-443729	NW_018150979.1	81.48	351	41	12	1	333	986253	986597	2.15e-69	267
NW_013657851.1:979497-979647	NW_018150994.1	82.83	99	16	1	19	116	516040	515942	7.3e-16	87.9
NW_013657856.1:842938-843145	NW_018150736.1	81.95	205	37	0	1	205	4890263	4890467	7.91e-42	174
NW_013657857.1:1106208-1106473	NW_018150773.1	90.98	266	24	0	1	266	2652341	2652606	2.69e-97	359
NW_013657857.1:389826-389982	NW_018150926.1	88.39	155	18	0	1	155	1634930	1635084	7.34e-46	187
NW_013657860.1:1142668-1144326	NW_018151231.1	83.47	236	27	8	1436	1659	646966	647201	1.96e-51	209
NW_013657862.1:595611-595731	NW_018150815.1	89.26	121	13	0	1	121	2241257	2241137	1.94e-35	152
NW_013657862.1:601385-601531	NW_018150815.1	92.47	146	11	0	1	146	2235019	2234874	1.45e-52	209
NW_013657862.1:864071-864403	NW_018151076.1	87.58	330	38	1	4	333	940903	940577	2.65e-103	379
NW_013657862.1:886202-886329	NW_018150733.1	88.98	127	14	0	2	128	4233124	4232998	4.47e-37	158
NW_013657864.1:908702-909014	NW_018150789.1	81.36	295	49	6	7	298	2246972	2246681	5.67e-60	235
NW_013657866.1:296484-296624	NW_018150714.1	85.48	124	18	0	18	141	2552881	2552758	1.1e-28	130
NW_013657866.1:368183-369031	NW_018151387.1	79.13	642	111	17	1	635	429050	429675	1.17e-115	422
NW_013657869.1:833432-833578	NW_018150947.1	87.08	147	19	0	1	147	1760562	1760708	8.83e-40	167
NW_013657869.1:91017-94281	NW_018150947.1	89.96	3267	323	3	1	3263	1096780	1100045	0	4211
NW_013657870.1:35580-35760	NW_018150748.1	85.47	179	26	0	3	181	3342290	3342468	8.7e-46	187
NW_013657871.1:975262-975419	NW_018151117.1	86.16	159	20	2	1	158	827301	827458	7.45e-41	171
NW_013657872.1:309582-310046	NW_018150876.1	79.65	457	93	0	9	465	2176584	2176128	3.87e-88	329
NW_013657872.1:429651-429783	NW_018150876.1	90.98	133	12	0	1	133	1942473	1942341	1e-43	180
NW_013657872.1:838116-840120	NW_018150694.1	82.56	2007	338	10	6	2005	13199497	13197496	0	1757
NW_013657874.1:1004153-1004518	NW_018150832.1	81.57	369	63	5	2	366	1270301	1270668	2.35e-79	300
NW_013657876.1:581347-581506	NW_018150969.1	86.33	161	20	2	1	160	997466	997307	5.85e-42	174
NW_013657877.1:1431469-1433551	NW_018150887.1	81.62	272	43	4	12	278	592847	593116	4.11e-54	219
NW_013657877.1:1440213-1440482	NW_018150887.1	84.79	263	34	6	1	260	601096	601355	2.85e-67	259
NW_013657877.1:1468016-1468244	NW_018150887.1	78.19	243	26	16	9	228	631436	631674	1.94e-28	130
NW_013657877.1:1477082-1477212	NW_018150887.1	90.08	131	13	0	1	131	641556	641686	5.91e-41	171
NW_013657878.1:1028651-1028801	NW_018150695.1	88.81	143	16	0	4	146	5604091	5603949	1.52e-42	176
NW_013657878.1:719667-720788	NW_018150926.1	81.59	1135	191	13	3	1122	259904	261035	0	922
NW_013657878.1:726521-727039	NW_018150926.1	84.64	521	76	4	1	519	263267	263785	3.11e-144	516
NW_013657879.1:896334-897812	NW_018150824.1	82.04	1487	248	17	1	1479	486597	485122	0	1249
NW_013657885.1:1136336-1136587	NW_018150743.1	82	250	45	0	1	250	3745	3994	2.09e-53	213
NW_013657886.1:320994-321428	NW_018150694.1	75.46	440	89	11	1	435	10361473	10361048	3.81e-48	196
NW_013657886.1:803189-803407	NW_018150778.1	86.3	219	30	0	1	219	1447759	1447541	2.94e-61	239
NW_013657886.1:999384-999515	NW_018150867.1	85.61	132	19	0	1	132	2249170	2249039	1.68e-31	139
NW_013657887.1:383157-383297	NW_018150699.1	85.82	141	20	0	1	141	4065601	4065461	8.45e-35	150
NW_013657888.1:177390-177647	NW_018151048.1	83.78	259	40	2	1	258	899145	898888	7.6e-63	244
NW_013657888.1:187466-187689	NW_018151048.1	93.75	224	14	0	1	224	872959	872736	1.04e-90	337
NW_013657888.1:198934-199088	NW_018151048.1	88.89	144	16	0	1	144	841524	841381	4.35e-43	178
NW_013657889.1:395677-396486	NW_018150734.1	83.98	799	128	0	1	799	3891431	3892229	0	767
NW_013657890.1:121300-122031	NW_018150723.1	80.68	735	136	6	1	732	33811	33080	4.36e-159	566
NW_013657890.1:304145-304294	NW_018150734.1	91.09	101	9	0	1	101	5218942	5218842	7.09e-31	137
NW_013657890.1:305556-305687	NW_018150734.1	88.24	119	14	0	10	128	5218143	5218025	1.3e-32	143
NW_013657892.1:530881-531942	NW_018150822.1	84.37	1062	162	3	3	1062	2762673	2763732	0	1038
NW_013657893.1:278456-278623	NW_018150771.1	84.04	94	11	4	29	120	2440298	2440207	8.31e-16	87.9
NW_013657899.1:335867-336018	NW_018150758.1	87.25	149	19	0	1	149	2780396	2780544	7.11e-41	171
NW_013657899.1:598395-598594	NW_018150758.1	84.5	200	31	0	1	200	3093033	3093232	4.49e-49	198
NW_013657900.1:421432-421567	NW_018151000.1	85	120	18	0	17	136	1684101	1683982	1.76e-26	122
NW_013657900.1:430246-430382	NW_018151000.1	86.61	127	17	0	7	133	1674699	1674573	4.9e-32	141
NW_013657900.1:431092-431314	NW_018151000.1	89.04	219	24	0	5	223	1674259	1674041	2.95e-71	272
NW_013657900.1:509970-510128	NW_018151000.1	93.51	154	10	0	6	159	1584147	1583994	1.22e-58	230
NW_013657900.1:642752-643851	NW_018151000.1	86.48	1021	134	4	11	1029	1422053	1421035	0	1118
NW_013657902.1:585116-585304	NW_018151576.1	83.6	189	31	0	1	189	267981	267793	5.51e-43	178
NW_013657904.1:1012645-1012770	NW_018151840.1	87.9	124	15	0	3	126	98009	97886	9.49e-34	147
NW_013657904.1:1034942-1035071	NW_018151840.1	89.23	130	14	0	1	130	92178	92049	9.8e-39	163
NW_013657904.1:240867-241029	NW_018150853.1	85.89	163	23	0	1	163	1568968	1568806	5.98e-42	174
NW_013657904.1:248799-249007	NW_018150853.1	87.37	198	25	0	12	209	1564450	1564253	6.02e-58	228
NW_013657906.1:246154-247002	NW_018150738.1	83.94	137	22	0	707	843	1151450	1151586	2.2e-28	132
NW_013657908.1:439529-440110	NW_018150795.1	78.92	498	97	7	7	500	2412375	2411882	1.36e-88	331
NW_013657910.1:463379-464752	NW_018150872.1	83.85	551	79	7	829	1374	2398248	2398793	8.52e-144	516
NW_013657910.1:482246-482430	NW_018150872.1	92.14	140	11	0	1	140	2409197	2409336	4.12e-49	198
NW_013657911.1:392686-392881	NW_018151044.1	85.49	193	25	3	4	196	440477	440288	4.38e-49	198
NW_013657912.1:778068-778864	NW_018150809.1	77.79	797	154	21	9	795	3377882	3378665	3.84e-130	470
NW_013657913.1:46597-46762	NW_018150924.1	85.14	148	22	0	19	166	2026054	2026201	2.86e-35	152
NW_013657916.1:652531-652733	NW_018150750.1	85.29	204	28	2	1	203	1524780	1524578	2.11e-52	209
NW_013657917.1:245870-246315	NW_018150853.1	84.86	317	48	0	5	321	2427522	2427206	2.22e-85	320
NW_013657920.1:940661-941580	NW_018151038.1	94.81	77	2	2	843	918	1258014	1257939	1.86e-24	119
NW_013657923.1:132800-133362	NW_018151710.1	79.11	565	98	17	1	555	135308	134754	7.76e-101	372
NW_013657924.1:480989-481258	NW_018151599.1	83.83	266	36	6	1	261	249827	249564	2.22e-63	246
NW_013657924.1:480989-481816	NW_018151599.1	81.12	837	143	11	1	828	249827	248997	0	656
NW_013657926.1:782637-782786	NW_018150799.1	85.18	108	16	0	6	113	2134784	2134891	4.3e-23	111
NW_013657927.1:33170-34606	NW_018150774.1	78.71	1461	239	37	1	1437	3138054	3139466	0	909
NW_013657928.1:247195-250494	NW_018150912.1	75.1	245	47	12	826	1062	35398	35636	6.88e-19	102
NW_013657928.1:373549-373860	NW_018150912.1	80.51	313	59	2	1	312	141093	141404	4.36e-61	239
NW_013657928.1:382824-383135	NW_018150912.1	86.54	312	42	0	1	312	134103	134414	8.99e-93	344
NW_013657928.1:395195-395506	NW_018150912.1	82.43	313	53	2	1	312	154781	155092	4.3e-71	272
NW_013657928.1:405101-405412	NW_018150912.1	81.09	312	59	0	1	312	154781	155092	2.02e-64	250
NW_013657928.1:413012-413323	NW_018150912.1	81.09	312	59	0	1	312	154781	155092	2.02e-64	250
NW_013657928.1:418278-418589	NW_018150912.1	85.26	312	46	0	1	312	184887	185198	4.21e-86	322
NW_013657928.1:430895-431206	NW_018150912.1	80.91	110	15	5	136	242	168172	168278	7.78e-14	82.4
NW_013657928.1:613188-613930	NW_018151221.1	75.98	637	135	16	114	741	808658	808031	6.37e-83	313
NW_013657936.1:929747-930141	NW_018151187.1	78.88	393	76	5	5	395	668146	667759	4.33e-67	259
NW_013657938.1:984855-985633	NW_018150915.1	79.97	764	151	2	14	776	1398299	1399061	6.02e-158	562
NW_013657941.1:360180-360698	NW_018150704.1	81.35	193	27	6	17	200	712112	711920	1.31e-33	148
NW_013657941.1:997957-998326	NW_018150707.1	85.68	370	53	0	1	370	5918635	5918266	1.37e-106	390
NW_013657942.1:248902-249174	NW_018150911.1	82.96	270	46	0	1	270	1630973	1631242	8.09e-63	244
NW_013657946.1:856380-856624	NW_018150744.1	86.99	246	30	2	1	245	4573695	4573939	2.54e-72	276
NW_013657946.1:900906-901073	NW_018150973.1	87.58	161	20	0	1	161	409827	409987	7.96e-46	187
NW_013657948.1:538648-539769	NW_018150702.1	83.12	1072	169	8	57	1122	6780251	6779186	0	966
NW_013657954.1:109734-109888	NW_018150743.1	86.45	155	21	0	1	155	3401077	3401231	7.28e-41	171
NW_013657957.1:344215-344550	NW_018150890.1	81.06	338	58	3	1	335	362953	363287	7.81e-69	265
NW_013657959.1:904973-905399	NW_018150703.1	85.25	427	61	2	1	425	2331276	2330850	5.62e-121	438
NW_013657960.1:643493-643723	NW_018150930.1	88.78	214	22	2	2	214	151308	151096	6.66e-68	261
NW_013657960.1:662862-663584	NW_018150930.1	83.7	227	37	0	1	227	124540	124314	1.8e-53	215
NW_013657960.1:665243-665898	NW_018150930.1	82.57	241	42	0	416	656	118532	118292	5.84e-53	213
NW_013657960.1:846478-847020	NW_018150930.1	87.22	540	69	0	1	540	711655	712194	3.12e-174	616
NW_013657960.1:870621-871943	NW_018150930.1	73.02	1312	293	36	44	1323	741520	742802	1.85e-110	405
NW_013657961.1:183496-183622	NW_018150754.1	89.92	119	12	0	4	122	2711645	2711763	5.73e-36	154
NW_013657961.1:571847-572842	NW_018151010.1	76.7	957	212	10	17	966	1593136	1592184	1.32e-145	521
NW_013657962.1:281279-281978	NW_018151137.1	85.8	704	95	4	1	700	804555	803853	0	741
NW_013657965.1:602132-602311	NW_018150926.1	86.9	168	22	0	13	180	1903079	1903246	2.4e-46	189
NW_013657972.1:16474-16608	NW_018151878.1	93.18	132	9	0	4	135	20190	20059	3.64e-48	195
NW_013657974.1:26154-26581	NW_018150723.1	82.48	274	48	0	73	346	1297690	1297417	1.7e-61	241
NW_013657980.1:815430-815576	NW_018150930.1	86.39	147	20	0	1	147	1756974	1756828	4.11e-38	161
NW_013657980.1:838313-838480	NW_018150930.1	89.16	83	9	0	1	83	1701520	1701438	8.25e-21	104
NW_013657982.1:529022-529158	NW_018150700.1	94.89	137	7	0	1	137	9074669	9074805	2.85e-54	215
NW_013657982.1:546790-547031	NW_018150700.1	87.55	241	30	0	2	242	9124109	9124349	1.94e-73	279
NW_013657982.1:598603-598725	NW_018150700.1	82.11	123	22	0	1	123	9239461	9239583	1.56e-21	106
NW_013657982.1:645051-646108	NW_018150700.1	84.13	605	84	6	460	1055	9306340	9306941	1.06e-161	575
NW_013657982.1:682330-682597	NW_018150700.1	86.05	86	12	0	9	94	9355465	9355550	3.04e-17	93.5
NW_013657986.1:847986-848229	NW_018150827.1	88.84	233	26	0	1	233	2052445	2052677	1.17e-75	287
NW_013657991.1:376802-377311	NW_018151169.1	82.86	496	85	0	15	510	641780	642275	4.06e-123	446
NW_013657993.1:902059-905205	NW_018151445.1	80.22	1567	281	21	1590	3131	163719	162157	0	1149
NW_013657998.1:653383-653694	NW_018150701.1	85.9	312	44	0	1	312	7866609	7866298	1.95e-89	333
NW_013657999.1:827745-827872	NW_018151554.1	90.62	128	12	0	1	128	297162	297289	5.74e-41	171
NW_013658001.1:313412-315554	NW_018150699.1	77.68	2200	404	59	1	2143	6488493	6490662	0	1262
NW_013658004.1:573048-573254	NW_018150711.1	89.37	207	22	0	1	207	3269725	3269519	5.87e-68	261
NW_013658008.1:48883-49395	NW_018150852.1	73.66	524	106	24	3	513	953161	953665	2.13e-41	174
NW_013658011.1:621178-621752	NW_018151318.1	86.8	341	45	0	235	575	428189	427849	1.32e-103	381
NW_013658012.1:45833-46103	NW_018151415.1	87.31	268	34	0	4	271	90804	90537	1.01e-81	307
NW_013658012.1:801658-801893	NW_018151204.1	87.71	236	29	0	1	236	491196	490961	2.44e-72	276
NW_013658015.1:716885-717928	NW_018150733.1	82.22	1052	156	16	2	1044	4512692	4511663	0	878
NW_013658016.1:225419-226893	NW_018150778.1	75.48	1558	267	62	1	1475	2089330	2090855	0	654
NW_013658016.1:254480-254875	NW_018150778.1	80.86	397	74	2	1	396	2144400	2144795	1.18e-82	311
NW_013658016.1:324942-325105	NW_018150778.1	86.96	161	21	0	1	161	2265610	2265770	3.6e-44	182
NW_013658016.1:426002-426164	NW_018150778.1	83.02	159	23	3	7	163	2475540	2475696	6.06e-32	141
NW_013658016.1:515180-515337	NW_018150778.1	78.95	133	26	2	1	132	2711196	2711065	2.15e-16	89.8
NW_013658016.1:576008-576865	NW_018150778.1	81.86	226	33	8	181	402	2727528	2727749	6.05e-44	183
NW_013658019.1:613601-613965	NW_018150762.1	77.61	335	64	8	41	365	2280063	2280396	4.09e-47	193
NW_013658019.1:736388-736583	NW_018150968.1	79.79	188	38	0	1	188	981029	981216	9.69e-31	137
NW_013658022.1:508064-508209	NW_018150716.1	89.04	146	16	0	1	146	1460566	1460711	3.13e-44	182
NW_013658023.1:297907-298954	NW_018150701.1	86.51	126	14	3	910	1033	1840965	1840841	2.11e-29	135
NW_013658024.1:140636-140815	NW_018151019.1	88.44	147	15	2	35	180	1385555	1385700	1.87e-42	176
NW_013658024.1:288576-288809	NW_018150831.1	83.33	228	38	0	7	234	770587	770360	6.9e-53	211
NW_013658028.1:674747-674922	NW_018150935.1	82.16	185	24	5	1	176	1799213	1799029	1.1e-34	150
NW_013658029.1:3707-3850	NW_018150898.1	85.42	144	21	0	1	144	347000	347143	8.67e-35	150
NW_013658030.1:332500-332621	NW_018150838.1	84.43	122	19	0	1	122	826702	826823	5.52e-26	121
NW_013658033.1:592900-593288	NW_018150715.1	79.17	384	74	4	6	389	1017980	1017603	1.18e-67	261
NW_013658035.1:46390-48684	NW_018150913.1	83.19	2297	382	4	1	2295	106844	109138	0	2100
NW_013658035.1:708587-708794	NW_018150712.1	84.16	202	28	4	9	208	5912325	5912126	2.18e-47	193
NW_013658037.1:781187-782430	NW_018150778.1	82.93	1242	183	15	1	1238	153528	154744	0	1092
NW_013658040.1:844186-844308	NW_018151282.1	89.43	123	13	0	1	123	549475	549353	1.53e-36	156
NW_013658049.1:143512-144071	NW_018150694.1	78.95	532	98	13	37	558	9992773	9992246	3.61e-94	350
NW_013658050.1:672562-672695	NW_018150733.1	86.82	129	17	0	6	134	2755250	2755122	3.69e-33	145
NW_013658050.1:677649-677888	NW_018150733.1	84.03	238	38	0	3	240	2754037	2753800	1.96e-58	230
NW_013658057.1:154754-155261	NW_018150859.1	75.94	320	65	11	19	332	841016	840703	2.74e-35	154
NW_013658057.1:166673-167736	NW_018150859.1	83.97	287	37	2	779	1056	823858	823572	7.29e-69	267
NW_013658060.1:563871-565154	NW_018150955.1	84	450	72	0	52	501	1574994	1574545	8.24e-119	433
NW_013658060.1:695757-695945	NW_018150955.1	88.89	189	21	0	1	189	1376857	1376669	1.16e-59	233
NW_013658061.1:389185-389391	NW_018151472.1	94.37	71	4	0	67	137	257201	257271	2.25e-22	110
NW_013658067.1:690957-691115	NW_018151293.1	88.68	159	18	0	1	159	537847	537689	4.45e-48	195
NW_013658068.1:662694-663737	NW_018159288.1	77.63	1046	226	8	3	1044	96	1137	7.91e-178	628
NW_013658071.1:411165-411477	NW_018150768.1	84.85	66	10	0	248	313	3924192	3924127	2.19e-09	67.6
NW_013658071.1:649324-650586	NW_018150707.1	81.66	1178	206	9	66	1238	6897040	6898212	0	970
NW_013658072.1:111404-112368	NW_018151460.1	80.46	967	177	9	1	964	441096	442053	0	728
NW_013658073.1:489729-489914	NW_018150789.1	87.29	181	23	0	1	181	1194967	1195147	6.89e-52	207
NW_013658073.1:911801-914317	NW_018150698.1	74.09	687	144	27	918	1584	1601083	1601755	4.91e-64	252
NW_013658076.1:669608-670876	NW_018150901.1	85.22	1272	177	6	2	1269	924505	925769	0	1297
NW_013658077.1:373894-375331	NW_018150827.1	87.94	1459	155	7	1	1438	2138897	2137439	0	1700
NW_013658079.1:327257-328671	NW_018150807.1	80.31	1432	260	13	1	1415	2354354	2352928	0	1062
NW_013658080.1:194512-194655	NW_018151107.1	81.2	117	20	2	3	118	288014	288129	1.48e-17	93.5
NW_013658083.1:530432-530606	NW_018151224.1	85.12	168	23	2	1	167	880776	880610	8.42e-41	171
NW_013658083.1:532562-532808	NW_018151224.1	84.29	191	30	0	7	197	877761	877571	1.24e-45	187
NW_013658083.1:535283-535642	NW_018151224.1	77.78	360	67	12	6	357	872002	871648	4e-52	209
NW_013658083.1:633885-634024	NW_018151224.1	82.58	132	17	5	12	140	704154	704026	3.95e-23	111
NW_013658086.1:751833-752036	NW_018150789.1	86.7	203	27	0	2	204	2571347	2571549	2.11e-57	226
NW_013658089.1:635959-636124	NW_018151058.1	87.95	166	20	0	1	166	1319615	1319780	1.3e-48	196
NW_013658089.1:94705-94892	NW_018150968.1	91.98	187	13	2	3	188	196539	196354	5.28e-68	261
NW_013658093.1:684582-685041	NW_018150712.1	81.84	435	77	2	27	460	5149859	5149426	1.05e-98	364
NW_013658093.1:705743-705897	NW_018150712.1	83.97	131	21	0	25	155	5128631	5128501	1.6e-27	126
NW_013658093.1:719364-719584	NW_018150712.1	84.61	221	34	0	1	221	5107395	5107175	1.07e-55	220
NW_013658094.1:694828-695972	NW_018150816.1	79	643	114	17	1	636	397165	396537	5.7e-115	420
NW_013658095.1:362120-362714	NW_018150781.1	83.78	592	92	4	1	590	1547995	1547406	5.88e-157	558
NW_013658095.1:739388-739582	NW_018151184.1	85.13	195	29	0	1	195	688377	688571	1.21e-49	200
NW_013658101.1:709529-713984	NW_018150749.1	83.08	2075	312	29	2403	4456	1595262	1593206	0	1851
NW_013658102.1:466829-467005	NW_018150789.1	77.85	149	33	0	1	149	2010590	2010442	1.9e-17	93.5
NW_013658102.1:596232-596360	NW_018150789.1	90.7	129	12	0	1	129	1773463	1773335	1.61e-41	172
NW_013658102.1:598936-599076	NW_018150789.1	90.07	141	14	0	1	141	1766972	1766832	8.33e-45	183
NW_013658105.1:107775-109440	NW_018150994.1	77.43	1679	349	15	4	1661	258652	256983	0	974
NW_013658105.1:329822-329959	NW_018151569.1	82.61	138	24	0	1	138	31832	31695	1.79e-26	122
NW_013658107.1:659327-659456	NW_018150940.1	90	130	13	0	1	130	1980278	1980407	2.11e-40	169
NW_013658107.1:736675-736827	NW_018150940.1	84.17	120	19	0	34	153	1880581	1880462	9.47e-25	117
NW_013658118.1:1708-1995	NW_018151020.1	86.81	288	38	0	1	288	592209	592496	3.86e-86	322
NW_013658119.1:697136-697310	NW_018150700.1	87.43	175	22	0	1	175	428351	428525	2.98e-50	202
NW_013658121.1:700568-701282	NW_018150954.1	83.16	380	43	8	37	398	336259	336635	2.19e-87	327
NW_013658123.1:698908-703683	NW_018151307.1	82.64	3330	554	14	1468	4776	500075	496749	0	2926
NW_013658125.1:200657-200850	NW_018151140.1	84.02	194	31	0	1	194	850334	850527	9.43e-46	187
NW_013658125.1:811843-812057	NW_018151044.1	86.6	209	28	0	7	215	776520	776312	4.81e-59	231
NW_013658126.1:463614-463750	NW_018150897.1	87.59	137	17	0	1	137	1904071	1903935	1.35e-37	159
NW_013658130.1:517279-518320	NW_018151116.1	83.12	160	12	6	889	1042	996179	996329	2.72e-28	132
NW_013658135.1:731337-732063	NW_018150842.1	71.5	372	84	19	370	727	1868391	1868754	6.88e-13	80.5
NW_013658139.1:201907-202056	NW_018151747.1	87.33	150	19	0	1	150	69418	69567	1.94e-41	172
NW_013658139.1:203887-204192	NW_018151747.1	86.76	272	34	2	34	304	69931	70201	5.37e-80	302
NW_013658139.1:725013-725775	NW_018150844.1	82.26	778	105	16	1	763	1264733	1263974	0	641
NW_013658149.1:461547-461722	NW_018150827.1	89.2	176	19	0	1	176	1351965	1351790	8.29e-56	220
NW_013658151.1:562136-563178	NW_018151239.1	80.93	1049	177	13	1	1040	339334	340368	0	808
NW_013658152.1:26298-27681	NW_018150778.1	83.27	1309	209	7	72	1378	756473	757773	0	1195
NW_013658157.1:284753-285801	NW_018151870.1	73.68	209	49	5	584	789	18095	17890	1.3e-11	76.8
NW_013658158.1:268909-269139	NW_018151775.1	87.45	231	29	0	1	231	10600	10830	1.43e-69	267
NW_013658158.1:279366-279521	NW_018151775.1	87.58	153	19	0	1	153	17708	17860	4.38e-43	178
NW_013658160.1:213915-214681	NW_018150756.1	80.63	759	133	11	22	767	3334128	3334885	7.61e-162	575
NW_013658160.1:217855-218031	NW_018150756.1	86.44	177	24	0	1	177	3338975	3339151	5.06e-48	195
NW_013658160.1:262034-262255	NW_018150756.1	87	223	27	2	1	222	3400114	3400335	1.38e-64	250
NW_013658160.1:274435-274556	NW_018150756.1	89.17	120	13	0	3	122	3429269	3429388	7.04e-35	150
NW_013658160.1:274668-274853	NW_018150756.1	88.95	181	19	1	7	186	3429801	3429981	2.46e-56	222
NW_013658160.1:297214-297340	NW_018150756.1	89.38	113	12	0	3	115	3564333	3564445	1.24e-32	143
NW_013658160.1:297941-298826	NW_018150756.1	79.69	911	156	13	1	886	3567046	3567952	1.86e-178	630
NW_013658166.1:118557-118697	NW_018150993.1	83.45	139	23	0	1	139	1490073	1489935	1.1e-28	130
NW_013658169.1:655769-655903	NW_018150697.1	85.18	135	20	0	1	135	10068481	10068347	1.73e-31	139
NW_013658172.1:648022-649104	NW_018150711.1	84.25	400	63	0	486	885	4085029	4084630	4.22e-106	390
NW_013658174.1:307452-307634	NW_018150970.1	83.23	167	28	0	1	167	146929	147095	8.93e-36	154
NW_013658174.1:649684-650796	NW_018151293.1	77.98	1131	219	19	4	1113	426456	425335	0	682
NW_013658188.1:163904-164071	NW_018150700.1	83.64	165	27	0	4	168	368931	368767	2.25e-36	156
NW_013658199.1:197905-198066	NW_018151200.1	90.12	162	16	0	1	162	260441	260280	4.52e-53	211
NW_013658204.1:227294-227431	NW_018150734.1	92.09	139	9	2	1	138	2666172	2666309	3.75e-48	195
NW_013658210.1:335667-339171	NW_018151044.1	84.31	822	121	8	1712	2529	175263	174446	0	797
NW_013658210.1:375865-376055	NW_018151044.1	88.48	191	22	0	1	191	140147	139957	4.22e-59	231
NW_013658210.1:377469-377598	NW_018151044.1	90	130	13	0	1	130	137916	137787	2.11e-40	169
NW_013658210.1:410454-410667	NW_018151044.1	92.67	150	11	0	65	214	100878	100729	1.34e-54	217
NW_013658210.1:482337-482535	NW_018151044.1	90.45	199	19	0	1	199	37962	37764	1.56e-68	263
NW_013658219.1:213264-213402	NW_018150770.1	89.93	139	14	0	1	139	3035972	3035834	1.06e-43	180
NW_013658219.1:217452-217635	NW_018150770.1	88.04	184	22	0	1	184	3026514	3026331	3.14e-55	219
NW_013658219.1:311353-311625	NW_018150875.1	83.82	272	44	0	2	273	1699273	1699002	2.89e-67	259
NW_013658223.1:232161-232351	NW_018151323.1	89	191	21	0	1	191	449724	449534	9.07e-61	237
NW_013658223.1:235190-235406	NW_018151323.1	89.57	211	22	0	7	217	445188	444978	3.7e-70	268
NW_013658223.1:564384-564849	NW_018151323.1	85.5	455	66	0	1	455	81038	80584	4.7e-132	475
NW_013658225.1:160852-161100	NW_018151954.1	88.28	128	15	0	122	249	23228	23101	1.27e-35	154
NW_013658233.1:533378-533617	NW_018151065.1	80.83	240	42	3	3	240	148368	148605	4.31e-45	185
NW_013658233.1:551235-552973	NW_018151065.1	76.06	376	86	4	1272	1645	171389	171762	2.07e-46	193
NW_013658239.1:455653-457426	NW_018150848.1	75.97	724	158	7	1	710	634688	633967	1.97e-96	359
NW_013658240.1:693462-694178	NW_018151714.1	77.04	331	69	7	378	704	106224	105897	5.03e-44	183
NW_013658242.1:27676-27847	NW_018151113.1	90.17	173	15	2	1	172	997502	997331	6.24e-57	224
NW_013658251.1:313444-313779	NW_018150960.1	82	250	45	0	8	257	1381275	1381026	2.87e-53	213
NW_013658252.1:562320-563694	NW_018151772.1	77.76	544	111	8	836	1375	197228	196691	1.54e-86	326
NW_013658257.1:382603-383952	NW_018150720.1	81.67	480	80	8	1	476	2060618	2061093	1.47e-106	392
NW_013658258.1:82252-82443	NW_018150696.1	89.06	192	21	0	1	192	10013990	10013799	2.54e-61	239
NW_013658259.1:542249-542426	NW_018150721.1	84.21	171	27	0	8	178	2273547	2273377	1.11e-39	167
NW_013658259.1:556811-557306	NW_018150721.1	77.59	482	93	6	10	491	2263172	2262706	1.52e-72	278
NW_013658263.1:634584-634739	NW_018150814.1	86.49	148	20	0	9	156	1989659	1989806	1.23e-38	163
NW_013658264.1:508768-508930	NW_018150930.1	89.09	55	6	0	43	97	2109658	2109712	2.9e-10	69.4
NW_013658266.1:411637-412300	NW_018150711.1	76.8	388	76	12	217	595	2620565	2620183	9.9e-51	206
NW_013658266.1:411637-412491	NW_018150711.1	79.33	653	116	17	217	855	2620565	2619918	3.24e-121	440
NW_013658274.1:21649-21814	NW_018150765.1	87.35	166	19	2	2	166	1178774	1178938	2.18e-46	189
NW_013658274.1:220780-220952	NW_018150707.1	87.86	173	21	0	1	173	1352408	1352580	8.19e-51	204
NW_013658284.1:310689-310867	NW_018150791.1	88.71	62	7	0	3	64	1234577	1234516	1.94e-12	76.8
NW_013658289.1:176759-177736	NW_018151642.1	86.35	608	67	13	372	977	172727	173320	0	649
NW_013658294.1:158415-158603	NW_018152508.1	83.07	189	32	0	1	189	21221	21409	2.56e-41	172
NW_013658297.1:587156-588682	NW_018150784.1	83.68	1544	233	13	1	1527	1596794	1598335	0	1437
NW_013658302.1:67993-68162	NW_018150841.1	84.8	171	24	2	1	170	2555667	2555498	8.13e-41	171
NW_013658303.1:34493-34622	NW_018150885.1	80	130	25	1	1	130	2377790	2377918	3.63e-18	95.3
NW_013658305.1:121580-121711	NW_018150919.1	81.15	122	23	0	11	132	1389388	1389509	2.86e-19	99
NW_013658308.1:221802-221995	NW_018150720.1	85.39	178	24	2	18	194	1141217	1141393	1.22e-44	183
NW_013658308.1:234968-235110	NW_018150720.1	88.65	141	16	0	3	143	1154217	1154357	1.83e-41	172
NW_013658309.1:26989-29472	NW_018151224.1	76.52	1593	338	25	90	1661	256444	258021	0	837
NW_013658311.1:224047-224211	NW_018150937.1	81.44	167	27	2	1	165	334581	334745	1.03e-29	134
NW_013658312.1:392798-393116	NW_018150844.1	82.82	163	28	0	155	317	1157220	1157058	2.79e-33	147
NW_013658313.1:192885-193038	NW_018150733.1	83.97	156	21	4	1	154	1756239	1756392	1.22e-33	147
NW_013658314.1:478798-479357	NW_018150703.1	79.45	579	93	21	1	560	3512675	3513246	2.75e-105	387
NW_013658314.1:492117-492275	NW_018150703.1	89.1	156	15	2	1	155	3534245	3534399	1.6e-47	193
NW_013658317.1:103752-104050	NW_018159220.1	84.23	298	47	0	1	298	175	472	1.13e-76	291
NW_013658317.1:154117-154296	NW_018150770.1	86.11	180	25	0	1	180	2092988	2092809	5.16e-48	195
NW_013658318.1:330833-332169	NW_018150753.1	71.18	628	147	19	739	1337	3790964	3791586	1.63e-26	126
NW_013658320.1:550369-550520	NW_018151379.1	88.16	152	18	0	1	152	372436	372285	3.28e-44	182
NW_013658324.1:545479-545655	NW_018150942.1	82.66	173	27	3	6	177	1062740	1062910	1.11e-34	150
NW_013658325.1:522916-523177	NW_018151445.1	85.5	262	38	0	1	262	384032	383771	9.86e-72	274
NW_013658325.1:580501-584360	NW_018151445.1	77.54	1759	344	25	1239	2951	284580	282827	0	1013
NW_013658333.1:138239-138399	NW_018151279.1	87.97	158	19	0	4	161	766382	766225	7.57e-46	187
NW_013658333.1:421937-422120	NW_018150748.1	87.01	177	23	0	8	184	814259	814435	1.14e-49	200
NW_013658334.1:118160-120190	NW_018150933.1	83.31	1318	196	13	720	2031	1474806	1473507	0	1194
NW_013658353.1:105159-107721	NW_018150941.1	84	2568	378	20	1	2562	966362	963822	0	2435
NW_013658356.1:386415-387837	NW_018150734.1	80.62	1460	239	25	1	1423	1205546	1206998	0	1088
NW_013658360.1:564029-564334	NW_018150727.1	90.3	299	29	0	6	304	2155764	2155466	3.1e-107	392
NW_013658360.1:571015-571513	NW_018150727.1	93.02	401	28	0	99	499	2161933	2161533	2.24e-165	586
NW_013658361.1:340225-340772	NW_018150697.1	82.22	540	94	2	10	548	9350431	9350969	1.21e-128	464
NW_013658361.1:5961-7090	NW_018151105.1	82.82	1129	180	7	1	1128	701740	700625	0	998
NW_013658362.1:362352-363600	NW_018151000.1	72.95	1024	212	38	1	990	208946	207954	1.1e-77	296
NW_013658362.1:410539-411287	NW_018150960.1	88.27	750	86	2	1	749	1416041	1416789	0	896
NW_013658364.1:396530-396748	NW_018150720.1	87.22	219	28	0	1	219	3328009	3327791	1.36e-64	250
NW_013658364.1:409444-410451	NW_018151119.1	77.03	788	171	9	225	1007	1183092	1182310	2.97e-122	444
NW_013658365.1:277739-278476	NW_018150725.1	82.01	745	125	7	1	736	1749933	1750677	7.16e-177	625
NW_013658365.1:293014-293380	NW_018150862.1	82.29	367	63	2	2	367	150171	150536	2.34e-84	316
NW_013658366.1:323428-323576	NW_018150737.1	89.44	142	15	0	8	149	4521383	4521524	1.15e-43	180
NW_013658367.1:468759-468928	NW_018150800.1	84.12	170	27	0	1	170	3362440	3362609	3.78e-39	165
NW_013658372.1:408573-409261	NW_018150784.1	78.29	668	126	13	1	651	3606139	3605474	5.65e-113	412
NW_013658373.1:142615-143149	NW_018150720.1	85.23	535	76	1	4	535	4615447	4614913	1.14e-153	547
NW_013658374.1:335637-335868	NW_018150705.1	83.92	199	30	2	1	198	768511	768314	3.2e-46	189
NW_013658377.1:119904-120037	NW_018150712.1	88.72	133	15	0	2	134	4325675	4325807	1.02e-38	163
NW_013658379.1:93978-94694	NW_018151777.1	82.73	718	120	4	1	716	32547	33262	3.21e-180	636
NW_013658380.1:565295-565462	NW_018150853.1	85.12	168	25	0	1	168	125372	125539	2.23e-41	172
NW_013658380.1:565584-565712	NW_018150853.1	91.34	127	9	2	4	129	125860	125985	1.61e-41	172
NW_013658380.1:566326-566651	NW_018150853.1	78.89	341	47	15	1	324	127879	128211	1.29e-51	207
NW_013658380.1:568461-568630	NW_018150853.1	78.31	166	32	3	6	170	132386	132548	8.36e-21	104
NW_013658381.1:55404-55540	NW_018151499.1	88.32	137	16	0	1	137	327150	327286	2.91e-39	165
NW_013658383.1:3135-3317	NW_018150930.1	89.66	174	16	2	1	173	1739552	1739724	8.68e-56	220
NW_013658384.1:566781-566909	NW_018151055.1	89.92	129	13	0	1	129	740551	740679	7.5e-40	167
NW_013658388.1:12399-12554	NW_018150985.1	80.88	136	26	0	1	136	314989	315124	5.83e-22	108
NW_013658391.1:262362-262898	NW_018150859.1	83.9	441	71	0	7	447	1449435	1448995	7.22e-116	422
NW_013658394.1:411745-411927	NW_018150887.1	86.11	180	25	0	4	183	2067570	2067391	5.26e-48	195
NW_013658394.1:425729-425854	NW_018150887.1	83.74	123	18	2	1	122	2050870	2050749	2.68e-24	115
NW_013658394.1:453989-454159	NW_018150872.1	83.43	169	28	0	3	171	1787040	1787208	6.37e-37	158
NW_013658401.1:517930-518686	NW_018150842.1	84.56	758	115	2	1	757	2980606	2981362	0	750
NW_013658406.1:245380-246588	NW_018151029.1	86.34	1208	154	8	9	1209	202583	201380	0	1306
NW_013658406.1:245429-246340	NW_018151029.1	86.45	908	112	8	12	912	202531	201628	0	985
NW_013658407.1:25041-25179	NW_018150725.1	84.21	133	21	0	7	139	932132	932000	1.08e-28	130
NW_013658407.1:25612-25780	NW_018150725.1	85.48	124	16	2	3	125	931481	931359	4.93e-28	128
NW_013658416.1:3783-3983	NW_018150919.1	87.5	168	21	0	23	190	205950	206117	5.84e-48	195
NW_013658416.1:3812-3983	NW_018150919.1	86.96	161	21	0	1	161	205957	206117	3.81e-44	182
NW_013658416.1:62236-62363	NW_018150755.1	91.87	123	10	0	1	123	1661249	1661127	1.6e-41	172
NW_013658417.1:25375-25621	NW_018150725.1	87.04	247	32	0	1	247	5095572	5095818	1.98e-73	279
NW_013658417.1:278624-278757	NW_018150697.1	86.78	121	16	0	1	121	7828368	7828248	2.22e-30	135
NW_013658428.1:326897-327023	NW_018150741.1	80.16	126	25	0	2	127	3718339	3718214	3.52e-18	95.3
NW_013658429.1:113105-113392	NW_018151120.1	90.32	155	15	0	130	284	64276	64122	1.46e-50	204
NW_013658430.1:85449-86905	NW_018150699.1	81.39	1236	168	36	273	1457	5317007	5318231	0	952
NW_013658433.1:468360-468557	NW_018150704.1	81.82	198	36	0	1	198	1096978	1097175	1.25e-39	167
NW_013658433.1:479759-479938	NW_018150704.1	83.33	180	30	0	1	180	1119767	1119946	1.13e-39	167
NW_013658433.1:525203-527474	NW_018150704.1	87.52	2276	273	8	1	2272	1188531	1190799	0	2619
NW_013658440.1:390042-391418	NW_018151162.1	83.36	1382	220	10	1	1377	498650	497274	0	1269
NW_013658445.1:357728-357910	NW_018150814.1	93.92	148	9	0	1	148	3238906	3239053	6.71e-57	224
NW_013658450.1:10669-12302	NW_018150944.1	82.86	1634	280	0	1	1634	1694064	1695697	0	1467
NW_013658459.1:466808-466995	NW_018151027.1	85.71	182	26	0	7	188	126509	126328	1.95e-47	193
NW_013658478.1:79642-80511	NW_018150722.1	82.24	777	130	6	4	776	1249048	1248276	0	664
NW_013658482.1:505238-505397	NW_018150840.1	86.41	103	11	3	61	160	2005955	2005853	1.67e-22	110
NW_013658484.1:31109-32417	NW_018150876.1	93.22	59	4	0	1251	1309	836178	836120	7.53e-15	87.9
NW_013658486.1:342701-343186	NW_018151507.1	83.68	484	76	2	3	486	292867	293347	2.3e-125	453
NW_013658487.1:173897-174022	NW_018151110.1	80.7	114	22	0	13	126	171758	171645	1.62e-16	89.8
NW_013658489.1:533417-533984	NW_018150985.1	76.22	572	128	6	1	568	1727444	1728011	4.85e-78	296
NW_013658490.1:343622-343869	NW_018151044.1	82.19	247	41	3	1	246	1411636	1411880	2.65e-52	209
NW_013658490.1:353468-353637	NW_018151044.1	81.17	154	29	0	3	156	1418506	1418659	6.42e-27	124
NW_013658490.1:371066-371384	NW_018151044.1	89.13	230	25	0	89	318	1430385	1430614	1.57e-75	287
NW_013658497.1:132702-133871	NW_018152060.1	82.16	213	37	1	574	785	66441	66653	2.99e-43	182
NW_013658500.1:512040-512229	NW_018150947.1	91.58	190	16	0	1	190	138371	138182	1.49e-68	263
NW_013658501.1:72698-72855	NW_018150907.1	86.36	110	15	0	46	155	2093020	2093129	7.61e-26	121
NW_013658502.1:637870-640920	NW_018150749.1	78.85	2123	393	30	892	2980	999907	1002007	0	1382
NW_013658503.1:745178-747606	NW_018150891.1	79.6	1637	307	17	805	2429	332129	333750	0	1147
NW_013658507.1:345756-345908	NW_018152047.1	100	29	0	0	117	145	57028	57056	7.53e-06	54.7
NW_013658509.1:485934-487069	NW_018151245.1	84.75	1128	149	9	1	1127	668721	669826	0	1109
NW_013658509.1:524293-524574	NW_018151245.1	86.88	282	37	0	1	282	686661	686942	1.75e-84	316
NW_013658512.1:481547-482729	NW_018151673.1	74.71	1214	261	25	2	1183	252219	251020	7.36e-139	499
NW_013658513.1:170659-171522	NW_018150957.1	81.66	867	142	11	1	863	1404255	1403402	0	704
NW_013658515.1:145269-145446	NW_018150789.1	85.53	159	21	2	21	178	3501557	3501714	3.99e-39	165
NW_013658515.1:228481-228643	NW_018150758.1	88.53	157	18	0	7	163	3355950	3355794	5.94e-47	191
NW_013658524.1:47244-47542	NW_018151381.1	83.74	166	25	2	135	299	293367	293203	4.31e-36	156
NW_013658526.1:208420-209051	NW_018156919.1	81.02	627	106	7	1	616	978	354	3e-135	486
NW_013658527.1:731619-734793	NW_018150842.1	80.61	1454	264	16	1731	3175	333734	332290	0	1107
NW_013658531.1:290016-290164	NW_018151268.1	86.67	150	18	2	1	149	702100	701952	3.23e-39	165
NW_013658531.1:441567-442147	NW_018151268.1	76.52	592	123	14	1	581	517010	516424	6.38e-82	309
NW_013658532.1:101745-102347	NW_018150930.1	87.26	581	66	7	28	603	1489086	1488509	0	656
NW_013658532.1:104822-105459	NW_018150930.1	89.04	502	52	3	1	502	1486970	1486472	2.86e-175	619
NW_013658532.1:113673-113847	NW_018150930.1	77.34	128	24	4	1	127	1485103	1484980	8.78e-11	71.3
NW_013658534.1:73979-74221	NW_018151207.1	88.56	236	26	1	2	236	203241	203006	4.18e-75	285
NW_013658536.1:450320-450612	NW_018150792.1	79.12	297	57	5	1	293	1010701	1010996	1.92e-49	200
NW_013658545.1:297907-299146	NW_018150814.1	78.9	725	146	6	1	723	1220834	1220115	2.16e-134	484
NW_013658545.1:501989-502147	NW_018150725.1	79.86	144	26	3	15	157	2057834	2057693	2.78e-20	102
NW_013658552.1:71738-71924	NW_018151108.1	90.37	187	18	0	1	187	1052182	1051996	1.47e-63	246
NW_013658559.1:394110-394457	NW_018150757.1	76.4	250	53	5	102	348	4026277	4026523	3.09e-28	130
NW_013658562.1:471010-471200	NW_018150941.1	89.13	184	20	0	7	190	445563	445380	1.52e-58	230
NW_013658568.1:174628-174749	NW_018150834.1	85.25	122	18	0	1	122	661329	661450	1.19e-27	126
NW_013658568.1:206235-206356	NW_018150834.1	84.43	122	19	0	1	122	661329	661450	5.52e-26	121
NW_013658570.1:155299-155789	NW_018151241.1	80.17	469	84	8	1	468	186866	187326	5.26e-92	342
NW_013658571.1:327409-327541	NW_018151020.1	87.97	133	16	0	1	133	505950	505818	4.69e-37	158
NW_013658573.1:119216-119398	NW_018150929.1	89.62	183	19	0	1	183	389203	389021	1.12e-59	233
NW_013658577.1:385970-386139	NW_018150968.1	84.94	166	25	0	5	170	1695593	1695428	2.92e-40	169
NW_013658580.1:485902-486261	NW_018150807.1	81.77	362	62	3	1	360	3084179	3083820	2.31e-79	300
NW_013658580.1:490358-490499	NW_018150807.1	89.44	142	15	0	1	142	3080119	3079978	1.09e-43	180
NW_013658581.1:462900-463609	NW_018151305.1	78.52	717	128	16	1	710	626251	626948	1.6e-123	448
NW_013658581.1:491963-493807	NW_018151205.1	88.13	1845	217	2	2	1845	437383	435540	0	2193
NW_013658585.1:474764-475525	NW_018150712.1	81.65	763	132	4	7	762	5292328	5291567	2.06e-177	627
NW_013658586.1:143234-143911	NW_018150929.1	83.19	702	91	11	4	678	1204056	1203355	1.1e-174	617
NW_013658589.1:154401-154615	NW_018151752.1	83.57	213	35	0	3	215	56143	55931	1.36e-49	200
NW_013658598.1:271902-273128	NW_018150741.1	76.49	1225	227	47	34	1220	3006799	3005598	3.38e-172	610
NW_013658600.1:298796-298955	NW_018150710.1	83.97	156	25	0	1	156	3945325	3945170	9.85e-35	150
NW_013658602.1:183583-183718	NW_018150960.1	86.72	128	17	0	9	136	546090	545963	1.35e-32	143
NW_013658607.1:295920-297528	NW_018150971.1	78.79	264	47	7	639	893	1085708	1085445	3.23e-39	169
NW_013658607.1:421386-421547	NW_018151477.1	84.47	161	25	0	2	162	457700	457540	1.66e-37	159
NW_013658611.1:193080-193302	NW_018151594.1	84.75	223	34	0	1	223	133265	133487	8.39e-57	224
NW_013658611.1:222009-222184	NW_018151594.1	85.06	174	24	2	4	176	158343	158515	1.82e-42	176
NW_013658612.1:266987-267124	NW_018151056.1	94.2	138	8	0	1	138	66114	65977	3.72e-53	211
NW_013658613.1:184777-185472	NW_018151502.1	81.44	625	108	8	70	688	19546	20168	9.15e-141	505
NW_013658615.1:418223-418360	NW_018151313.1	86.89	122	16	0	1	122	362525	362646	6.4e-31	137
NW_013658615.1:87354-87507	NW_018150919.1	88.5	113	12	1	1	112	2219674	2219786	2.63e-30	135
NW_013658618.1:224421-225482	NW_018151795.1	77.1	1074	222	23	1	1062	141704	140643	6.32e-169	599
NW_013658623.1:64349-64972	NW_018150926.1	80.08	261	43	5	1	255	1084847	1085104	1.21e-44	185
NW_013658623.1:67760-68065	NW_018150926.1	84.97	306	46	0	1	306	1077950	1078255	8.93e-83	311
NW_013658627.1:308023-308268	NW_018150960.1	87.4	246	31	0	1	246	695179	695424	1.53e-74	283
NW_013658634.1:126587-127321	NW_018151105.1	78.66	731	132	12	23	735	729308	728584	1.64e-128	464
NW_013658635.1:220680-221774	NW_018151105.1	76.78	956	183	35	61	998	1212200	1213134	6.8e-139	499
NW_013658641.1:301250-301432	NW_018150838.1	85.47	179	26	0	5	183	1145105	1144927	8.81e-46	187
NW_013658642.1:373790-374234	NW_018151189.1	81.02	432	72	7	1	427	944175	944601	7.93e-90	335
NW_013658644.1:34968-35719	NW_018151174.1	80.79	583	109	3	170	752	676267	675688	3.65e-125	453
NW_013658645.1:63084-63215	NW_018150779.1	82.58	132	23	0	1	132	3366449	3366580	7.89e-25	117
NW_013658646.1:381201-383365	NW_018150851.1	78.72	2129	414	30	1	2121	1000791	1002888	0	1386
NW_013658647.1:98208-98369	NW_018151036.1	93.21	162	11	0	1	162	22740	22579	2.07e-61	239
NW_013658655.1:343499-343729	NW_018150720.1	78.57	196	40	2	5	199	5056158	5056352	7.05e-28	128
NW_013658659.1:297924-299867	NW_018151398.1	82.24	1959	330	12	1	1944	173827	175782	0	1674
NW_013658665.1:296678-296906	NW_018150778.1	80.16	126	24	1	3	127	1033948	1034073	2.55e-17	93.5
NW_013658667.1:359126-359646	NW_018150714.1	80.19	535	84	15	1	521	318580	319106	1.19e-103	381
NW_013658669.1:216852-217037	NW_018150784.1	86.93	153	16	3	36	186	2371212	2371062	3.25e-40	169
NW_013658672.1:183569-183743	NW_018150992.1	83.43	175	29	0	1	175	603823	603997	1.41e-38	163
NW_013658674.1:116770-116995	NW_018150842.1	84.51	226	35	0	1	226	1394130	1393905	8.52e-57	224
NW_013658674.1:234185-234332	NW_018150842.1	82.76	145	23	2	4	147	1266264	1266121	4.2e-28	128
NW_013658678.1:372988-373130	NW_018151463.1	86.01	143	18	2	2	143	43107	43248	2.39e-35	152
NW_013658681.1:215454-215636	NW_018150725.1	84.09	176	28	0	1	176	4473294	4473469	8.87e-41	171
NW_013658681.1:63785-64342	NW_018151022.1	84.17	581	68	12	1	557	873495	874075	5.53e-152	542
NW_013658685.1:73777-73959	NW_018151059.1	99.45	183	1	0	1	183	405035	405217	1.07e-89	333
NW_013658687.1:92732-94478	NW_018150926.1	87.1	1000	96	22	668	1646	1457616	1458603	0	1101
NW_013658688.1:38812-39300	NW_018150769.1	81.28	438	65	13	1	425	1553766	1554199	6.78e-91	339
NW_013658692.1:348134-348363	NW_018151335.1	86.52	230	31	0	1	230	105747	105518	1.11e-65	254
NW_013658694.1:299004-300548	NW_018150830.1	83.7	1546	240	10	3	1545	2923186	2921650	0	1448
NW_013658694.1:331173-333704	NW_018151853.1	75.44	1307	303	16	1199	2493	146368	145068	1.17e-174	619
NW_013658697.1:173439-174050	NW_018151387.1	82.66	173	30	0	32	204	437232	437404	3.34e-35	154
NW_013658697.1:178860-179463	NW_018151387.1	87.09	604	78	0	1	604	446101	446704	0	684
NW_013658697.1:262485-262670	NW_018151387.1	80.75	161	30	1	1	161	524405	524564	7.14e-27	124
NW_013658698.1:355696-355892	NW_018151207.1	81.5	200	31	5	1	197	257703	257507	2.08e-37	159
NW_013658704.1:3565-3817	NW_018151313.1	84.94	239	34	2	16	253	623020	622783	9.61e-62	241
NW_013658705.1:127409-127667	NW_018150698.1	85.32	218	30	2	1	217	742644	742860	9.94e-57	224
NW_013658715.1:54568-55130	NW_018151045.1	76.99	578	115	11	1	563	477345	477919	1.33e-83	315
NW_013658725.1:257749-257929	NW_018150707.1	82.02	178	30	2	5	181	7075584	7075760	1.14e-34	150
NW_013658727.1:338894-339081	NW_018150908.1	84.86	185	28	0	2	186	380817	381001	9.09e-46	187
NW_013658728.1:41703-41825	NW_018151145.1	85.37	123	18	0	1	123	71410	71532	3.33e-28	128
NW_013658733.1:397739-398091	NW_018151137.1	84.09	352	56	0	2	353	1016888	1016537	1.33e-91	340
NW_013658742.1:352959-353780	NW_018151129.1	82.33	832	133	11	1	822	1132360	1131533	0	710
NW_013658747.1:323899-324058	NW_018151104.1	81.76	159	29	0	2	160	268337	268495	9.92e-30	134
NW_013658749.1:89703-89855	NW_018151119.1	77.16	162	28	5	1	153	406488	406649	2.67e-15	86.1
NW_013658750.1:107504-107635	NW_018151407.1	91.67	132	11	0	1	132	133334	133465	7.67e-45	183
NW_013658754.1:206469-206706	NW_018151238.1	85.59	236	34	0	3	238	203689	203924	5.36e-64	248
NW_013658759.1:517360-517580	NW_018150744.1	82.39	142	23	2	77	217	4139686	4139546	3.12e-26	122
NW_013658772.1:120187-120431	NW_018150733.1	83.67	245	40	0	1	245	2132861	2133105	5.58e-59	231
NW_013658777.1:326028-326457	NW_018150928.1	81.44	431	76	3	2	430	127058	127486	2.73e-94	350
NW_013658778.1:129843-130373	NW_018150699.1	85.26	95	14	0	346	440	7682527	7682621	1.37e-18	99
NW_013658779.1:176539-177219	NW_018151099.1	81.54	677	115	5	1	668	645464	646139	4.08e-154	549
NW_013658785.1:119615-119812	NW_018150750.1	85.06	154	23	0	43	196	736166	736319	7.53e-37	158
NW_013658793.1:327063-327191	NW_018150741.1	91.47	129	11	0	1	129	2891083	2890955	3.47e-43	178
NW_013658795.1:239563-248886	NW_018150803.1	79.76	4684	895	46	4648	9303	1300006	1295348	0	3349
NW_013658800.1:75936-76498	NW_018150955.1	79.72	567	104	6	1	563	980413	979854	3.56e-109	399
NW_013658802.1:72089-73208	NW_018151069.1	85.28	1073	158	0	2	1074	292670	293742	0	1107
NW_013658804.1:57250-57438	NW_018150789.1	89.95	189	19	0	1	189	2945762	2945574	5.35e-63	244
NW_013658810.1:177924-178071	NW_018150733.1	78.79	132	28	0	6	137	777760	777629	1.98e-16	89.8
NW_013658811.1:33658-33811	NW_018150721.1	87.5	152	19	0	3	154	3053316	3053165	1.55e-42	176
NW_013658812.1:265449-265674	NW_018150845.1	85.78	225	32	0	2	226	2239305	2239081	3.04e-61	239
NW_013658815.1:29331-29992	NW_018151039.1	85.8	683	73	12	4	662	909868	909186	0	702
NW_013658821.1:277204-277452	NW_018151250.1	87.32	213	27	0	3	215	165325	165113	7.3e-63	244
NW_013658822.1:62788-62937	NW_018150740.1	82.24	152	23	4	1	150	1912318	1912467	4.27e-28	128
NW_013658830.1:278908-279094	NW_018150791.1	89.84	187	19	0	1	187	3322138	3322324	6.84e-62	241
NW_013658830.1:8232-8661	NW_018151704.1	81.25	416	74	4	5	418	136123	136536	2.75e-89	333
NW_013658833.1:379002-379768	NW_018151232.1	76.92	715	149	14	3	709	45071	44365	8.23e-107	392
NW_013658835.1:21337-21493	NW_018150766.1	85.9	156	22	0	2	157	2828956	2829111	9.56e-40	167
NW_013658840.1:169001-169439	NW_018150712.1	92.2	436	34	0	4	439	786883	786448	6.93e-175	617
NW_013658840.1:169703-169942	NW_018151924.1	89.58	240	25	0	1	240	119151	118912	3.17e-81	305
NW_013658842.1:225074-225231	NW_018150753.1	84.52	155	24	0	1	155	817542	817696	7.5e-36	154
NW_013658843.1:190525-192153	NW_018150749.1	86.61	239	32	0	1	239	1049474	1049236	4.05e-68	265
NW_013658849.1:358481-358676	NW_018151149.1	84.36	179	26	2	13	190	643032	643209	7.38e-42	174
NW_013658857.1:356470-356747	NW_018151725.1	88.14	194	21	1	12	203	154147	153954	2.31e-58	230
NW_013658857.1:356492-356747	NW_018151725.1	88.4	181	21	0	1	181	154134	153954	4.57e-55	219
NW_013658859.1:201233-202095	NW_018150772.1	84.87	575	83	4	291	863	20339	19767	2.39e-162	577
NW_013658866.1:196302-198067	NW_018150739.1	84.56	1788	250	11	1	1766	122144	123927	0	1749
NW_013658876.1:191997-192127	NW_018151601.1	83.97	131	21	0	1	131	330245	330375	1.3e-27	126
NW_013658879.1:200422-200714	NW_018150944.1	87.76	286	34	1	5	290	1481624	1481908	1.82e-89	333
NW_013658889.1:144211-144765	NW_018151035.1	85.08	134	18	2	420	552	1126309	1126441	1.09e-29	135
NW_013658900.1:265003-265235	NW_018150753.1	78.73	221	39	7	1	217	1954324	1954540	9.14e-32	141
NW_013658903.1:370021-370230	NW_018151874.1	87.08	209	27	0	1	209	69922	70130	1.01e-60	237
NW_013658905.1:170849-171169	NW_018150723.1	84.66	326	43	6	1	321	2786166	2786489	5.62e-85	318
NW_013658907.1:132877-133054	NW_018150697.1	83.71	178	29	0	1	178	3106060	3106237	3.09e-40	169
NW_013658907.1:134621-134843	NW_018150697.1	86.55	223	30	0	1	223	3108629	3108851	1.79e-63	246
NW_013658909.1:130253-130710	NW_018150997.1	84.18	455	72	0	4	458	135134	135588	4.68e-122	442
NW_013658909.1:172688-172878	NW_018150997.1	88.42	190	22	0	2	191	164448	164637	1.52e-58	230
NW_013658911.1:183942-187241	NW_018150695.1	79.53	596	115	6	1	591	9296561	9297154	6.01e-114	418
NW_013658911.1:197543-198191	NW_018150695.1	80.92	587	100	12	1	581	9305313	9305893	3.13e-125	453
NW_013658917.1:326292-327261	NW_018150918.1	79.5	522	90	9	455	970	723902	723392	1.37e-95	355
NW_013658919.1:152553-153120	NW_018151345.1	88.98	118	10	2	161	275	394887	395004	6.68e-32	143
NW_013658921.1:35015-35836	NW_018150770.1	78.65	829	167	6	2	822	2197670	2198496	8.29e-152	542
NW_013658922.1:327371-327551	NW_018150872.1	89.2	176	19	0	6	181	1493088	1493263	8.57e-56	220
NW_013658924.1:358886-359143	NW_018150841.1	82.59	247	32	8	14	258	1063788	1064025	9.97e-52	207
NW_013658924.1:361493-361649	NW_018150841.1	86.62	157	21	0	1	157	1068778	1068934	5.71e-42	174
NW_013658927.1:3862-4008	NW_018151723.1	87.5	144	18	0	4	147	174185	174328	8.83e-40	167
NW_013658927.1:8128-8322	NW_018151723.1	85.13	195	29	0	1	195	195474	195668	1.21e-49	200
NW_013658929.1:2369-2573	NW_018151132.1	84.12	170	27	0	6	175	783734	783565	4.68e-39	165
NW_013658929.1:267096-267623	NW_018151390.1	81.73	509	90	3	1	507	376535	376028	7.09e-116	422
NW_013658939.1:243314-243479	NW_018150733.1	83.74	166	27	0	1	166	5051625	5051460	6.15e-37	158
NW_013658940.1:235637-235856	NW_018151294.1	84.04	213	34	0	8	220	482221	482433	2.99e-51	206
NW_013658940.1:335961-338318	NW_018150770.1	72.03	1373	353	27	966	2324	1108759	1107404	2.02e-102	379
NW_013658942.1:68581-69125	NW_018151272.1	84.7	549	79	5	1	545	127627	127080	1.5e-152	544
NW_013658943.1:137959-139003	NW_018150883.1	86.24	923	125	2	104	1025	1792897	1793818	0	1000
NW_013658947.1:295107-295242	NW_018150770.1	85.29	136	20	0	1	136	2833322	2833187	4.86e-32	141
NW_013658949.1:242741-244710	NW_018151529.1	78.43	1984	372	41	10	1968	148034	149986	0	1242
NW_013658956.1:304881-305168	NW_018150706.1	80	290	54	3	1	288	173521	173808	8.71e-53	211
NW_013658956.1:313954-314174	NW_018150706.1	77.94	204	45	0	7	210	188074	188277	6.7e-28	128
NW_013658967.1:120271-120430	NW_018150944.1	83.05	118	20	0	1	118	1966080	1966197	6.01e-22	108
NW_013658973.1:306119-308239	NW_018151084.1	88.89	90	10	0	1535	1624	1151161	1151072	7.31e-22	111
NW_013658975.1:289380-289504	NW_018150720.1	85.71	126	16	2	1	125	4553626	4553750	2.63e-29	132
NW_013658975.1:97819-98361	NW_018150720.1	79.54	523	103	4	23	543	4403423	4402903	2.68e-100	370
NW_013658980.1:217208-217638	NW_018150804.1	81.58	429	73	5	1	426	791039	791464	2.74e-94	350
NW_013658986.1:137492-138381	NW_018150697.1	77.79	725	133	20	189	890	435473	436192	1.22e-115	422
NW_013658986.1:99489-99844	NW_018150697.1	86.24	356	49	0	1	356	396094	396449	1.7e-105	387
NW_013658988.1:261459-261848	NW_018151354.1	82.39	352	62	0	1	352	201951	202302	1.5e-81	307
NW_013658994.1:242939-245678	NW_018150800.1	78.88	2794	524	42	1	2740	1576842	1574061	0	1831
NW_013659005.1:226536-228692	NW_018150872.1	89.71	2158	220	2	1	2157	1743700	1741544	0	2754
NW_013659008.1:100372-105456	NW_018151116.1	77.99	4438	881	65	675	5085	1063376	1067744	0	2695
NW_013659008.1:100660-105456	NW_018151116.1	77.99	4438	881	65	387	4797	1063376	1067744	0	2695
NW_013659012.1:81991-83600	NW_018151602.1	74.8	1147	252	34	1	1128	277824	278952	1.02e-133	483
NW_013659012.1:81991-83603	NW_018151602.1	74.8	1147	252	34	1	1128	277824	278952	1.02e-133	483
NW_013659021.1:65913-66110	NW_018150926.1	81.91	199	33	1	3	198	423730	423928	4.5e-39	165
NW_013659021.1:73344-73494	NW_018150926.1	87.84	148	18	0	4	151	426859	427006	5.45e-42	174
NW_013659024.1:1379-2216	NW_018150733.1	81.04	865	134	16	1	838	2547482	2548343	0	662
NW_013659024.1:45483-45681	NW_018150733.1	90.45	199	19	0	1	199	2578888	2579086	1.56e-68	263
NW_013659033.1:278806-278952	NW_018151089.1	84.46	148	21	2	1	147	86667	86813	4.14e-33	145
NW_013659046.1:214053-214228	NW_018150887.1	85.8	176	25	0	1	176	1161803	1161628	8.41e-46	187
NW_013659046.1:222344-222571	NW_018150887.1	92.54	228	17	0	1	228	1151662	1151435	6.38e-88	327
NW_013659047.1:289508-291010	NW_018150778.1	78.9	1507	296	18	9	1503	1671191	1672687	0	1002
NW_013659047.1:333196-333538	NW_018150778.1	86.81	235	27	4	4	236	1688265	1688033	3.72e-67	259
NW_013659054.1:64351-65312	NW_018150848.1	80.68	968	168	13	1	960	62979	63935	0	734
NW_013659062.1:244717-245181	NW_018150804.1	79.69	448	80	7	28	465	330333	329887	3.89e-83	313
NW_013659063.1:41964-42364	NW_018150754.1	76.27	375	66	14	2	366	2422313	2421952	1.27e-42	178
NW_013659074.1:298965-299550	NW_018151180.1	91.19	159	14	0	428	586	398704	398546	4.01e-54	217
NW_013659074.1:71806-71995	NW_018152428.1	87.89	190	23	0	1	190	14705	14894	7.01e-57	224
NW_013659074.1:74195-74349	NW_018152428.1	88.96	154	17	0	2	155	15797	15950	5.59e-47	191
NW_013659074.1:76247-76633	NW_018152428.1	78.53	396	71	8	1	386	19184	19575	9.17e-64	248
NW_013659076.1:272816-273897	NW_018150725.1	75.61	857	191	12	146	993	2794027	2794874	1.16e-111	409
NW_013659076.1:79205-79405	NW_018150695.1	85.08	201	26	3	3	201	2273596	2273794	3.49e-50	202
NW_013659077.1:166495-166695	NW_018150853.1	88.06	201	24	0	1	201	698772	698972	2.66e-61	239
NW_013659077.1:186762-188036	NW_018150853.1	81.35	1292	217	18	1	1274	713243	714528	0	1029
NW_013659077.1:199321-200700	NW_018150853.1	82.97	1392	195	32	1	1380	723413	724774	0	1219
NW_013659077.1:203745-203982	NW_018150853.1	76.56	256	42	10	1	238	738253	738508	9.43e-27	124
NW_013659080.1:305583-305854	NW_018150720.1	87.94	257	30	1	16	272	3163474	3163729	4.72e-80	302
NW_013659084.1:235655-236053	NW_018150887.1	86.74	392	52	0	2	393	676647	677038	1.88e-120	436
NW_013659084.1:239618-239824	NW_018150887.1	90.34	207	20	0	1	207	680916	681122	2.71e-71	272
NW_013659084.1:287419-287950	NW_018150887.1	87.58	298	35	2	236	532	782572	782868	1.59e-92	344
NW_013659085.1:272451-272621	NW_018151075.1	81.98	172	29	2	1	171	141351	141181	4.96e-33	145
NW_013659087.1:210522-210692	NW_018150794.1	84.88	172	24	2	1	171	2517924	2517754	2.28e-41	172
NW_013659088.1:191283-192782	NW_018151154.1	77.5	1471	322	8	3	1467	1035112	1033645	0	874
NW_013659091.1:129356-129870	NW_018151437.1	82.75	510	86	2	7	515	239626	239118	2.45e-125	453
NW_013659095.1:100440-103754	NW_018150895.1	79.23	905	177	9	2418	3315	1560264	1561164	1.54e-174	619
NW_013659105.1:127254-127790	NW_018150798.1	82.53	538	92	2	1	537	85332	84796	7.07e-131	472
NW_013659113.1:120215-120362	NW_018150695.1	93.52	108	7	0	41	148	10089289	10089182	4.14e-38	161
NW_013659116.1:285840-286169	NW_018151165.1	73.93	326	79	6	8	330	486143	485821	3.77e-27	126
NW_013659117.1:220873-222669	NW_018150872.1	79.89	179	36	0	1	179	392781	392959	4.74e-28	132
NW_013659129.1:145995-146315	NW_018151605.1	84.38	320	50	0	2	321	162992	162673	7.27e-84	315
NW_013659129.1:288192-288329	NW_018150798.1	89.23	130	14	0	9	138	1873757	1873886	1.06e-38	163
NW_013659132.1:233344-235638	NW_018151554.1	74.79	948	222	15	1285	2223	180497	181436	6.97e-112	411
NW_013659132.1:236333-243559	NW_018151554.1	75.21	1694	378	20	1596	3253	182287	183974	0	763
NW_013659132.1:31523-32716	NW_018151813.1	77	374	69	14	806	1166	156835	157204	3.04e-48	198
NW_013659144.1:133491-133930	NW_018150791.1	85.13	437	65	0	4	440	2541787	2541351	9.64e-124	448
NW_013659149.1:125792-126129	NW_018151068.1	81.53	287	46	6	51	332	473894	474178	2.87e-58	230
NW_013659149.1:45973-52299	NW_018151068.1	80.75	6275	1159	39	79	6324	360776	367030	0	4850
NW_013659154.1:131899-132043	NW_018151026.1	87.59	145	18	0	1	145	1114494	1114350	2.41e-40	169
NW_013659154.1:81729-81873	NW_018151026.1	87.59	145	18	0	1	145	1114494	1114350	2.41e-40	169
NW_013659157.1:192543-192731	NW_018150910.1	90.48	189	18	0	1	189	1069910	1070098	1.15e-64	250
NW_013659171.1:293204-293960	NW_018150844.1	80.39	760	141	5	3	757	1986491	1985735	9.71e-161	571
NW_013659172.1:280782-281303	NW_018151000.1	84.82	527	73	5	1	522	306418	306942	1.87e-146	523
NW_013659172.1:286252-286450	NW_018151000.1	89.85	197	20	0	3	199	315266	315462	9.39e-66	254
NW_013659174.1:102047-102240	NW_018150968.1	82.14	196	31	4	1	194	382374	382181	4.42e-39	165
NW_013659174.1:118317-121361	NW_018150968.1	78.99	533	106	5	2410	2939	371738	371209	3.41e-96	359
NW_013659181.1:188744-189582	NW_018151279.1	79.01	872	147	17	1	839	527412	528280	1.81e-158	564
NW_013659182.1:20929-21574	NW_018151449.1	81.72	640	117	0	1	640	131737	132376	1.08e-149	534
NW_013659186.1:240982-242371	NW_018150971.1	79.96	489	88	7	910	1390	1821014	1820528	2.57e-94	351
NW_013659188.1:25532-25728	NW_018151359.1	87.88	165	20	0	33	197	25808	25972	5.7e-48	195
NW_013659196.1:23727-24459	NW_018151477.1	83.29	736	105	13	1	733	353357	352637	0	662
NW_013659198.1:10633-11028	NW_018150862.1	85.58	104	13	2	1	103	1157812	1157914	1.66e-21	108
NW_013659198.1:43729-44233	NW_018150862.1	76.67	463	93	14	55	505	1158088	1157629	5.66e-62	243
NW_013659211.1:158483-159397	NW_018150699.1	75.25	897	203	17	13	898	2284178	2285066	9.81e-112	409
NW_013659213.1:71400-72741	NW_018151000.1	87.11	1342	173	0	1	1342	693969	692628	0	1520
NW_013659215.1:281290-282483	NW_018151182.1	83.56	1204	187	6	1	1194	133448	134650	0	1116
NW_013659218.1:187386-187692	NW_018151250.1	86.99	269	35	0	39	307	234269	234001	1.5e-80	303
NW_013659224.1:36522-36683	NW_018150725.1	85.8	162	23	0	1	162	828702	828863	2.13e-41	172
NW_013659224.1:43346-43548	NW_018150960.1	100	30	0	0	106	135	1239078	1239107	2.91e-06	56.5
NW_013659224.1:86877-87237	NW_018150725.1	86.98	361	47	0	1	361	850372	850732	1.33e-111	407
NW_013659227.1:32998-33848	NW_018150787.1	84.39	852	131	2	1	851	2255016	2254166	0	835
NW_013659229.1:6571-6816	NW_018150971.1	91.32	242	21	0	3	244	483222	482981	5.37e-89	331
NW_013659233.1:254499-254701	NW_018150764.1	83.74	203	33	0	1	203	1308359	1308561	2.12e-47	193
NW_013659237.1:6238-6428	NW_018150876.1	86.76	136	17	1	48	183	712884	713018	1.21e-34	150
NW_013659239.1:142088-142349	NW_018151202.1	80.77	260	46	4	4	261	569603	569346	1.7e-49	200
NW_013659240.1:21789-22405	NW_018150766.1	83.15	546	90	2	60	604	3449770	3449226	1.35e-138	497
NW_013659245.1:198609-198790	NW_018151599.1	87.22	180	23	0	1	180	46843	47022	2.42e-51	206
NW_013659256.1:130880-131007	NW_018150960.1	88.24	119	14	0	10	128	1731483	1731601	1.25e-32	143
NW_013659256.1:200719-200922	NW_018150960.1	88.24	204	24	0	1	204	1848752	1848955	5.81e-63	244
NW_013659256.1:203675-203887	NW_018150960.1	85.64	188	27	0	2	189	1855327	1855514	4.83e-49	198
NW_013659256.1:78121-78374	NW_018150960.1	90.37	187	17	1	46	232	1662899	1663084	7.47e-63	244
NW_013659256.1:78537-78706	NW_018150960.1	93.37	166	11	0	5	170	1663474	1663639	1.31e-63	246
NW_013659256.1:80402-80575	NW_018150960.1	88.37	172	20	0	3	174	1665439	1665610	6.37e-52	207
NW_013659258.1:154157-154285	NW_018151002.1	90.62	128	12	0	2	129	1111047	1111174	5.8e-41	171
NW_013659259.1:58478-58668	NW_018150930.1	86.39	191	26	0	1	191	1491517	1491707	1.98e-52	209
NW_013659268.1:367107-369392	NW_018150696.1	80.66	822	142	13	1	815	1356669	1355858	2.95e-175	621
NW_013659269.1:314370-315323	NW_018150968.1	76.56	704	153	11	1	698	289849	290546	1.04e-101	375
NW_013659269.1:68542-68772	NW_018151187.1	82.17	230	41	0	2	231	387295	387524	5.3e-49	198
NW_013659279.1:153127-153294	NW_018150841.1	85.71	168	24	0	1	168	2726887	2727054	4.79e-43	178
NW_013659281.1:151416-151539	NW_018150720.1	87.7	122	15	0	3	124	3037816	3037937	1.2e-32	143
NW_013659281.1:151416-151561	NW_018150720.1	87.22	133	15	2	3	134	3037816	3037947	8.82e-35	150
NW_013659282.1:273568-274442	NW_018150706.1	80.09	879	161	8	1	875	739848	740716	0	641
NW_013659289.1:110784-110966	NW_018150872.1	87.39	119	15	0	54	172	1014757	1014875	9e-31	137
NW_013659289.1:112557-112715	NW_018150872.1	85	160	22	2	1	159	1017400	1017558	4.52e-38	161
NW_013659294.1:235225-235542	NW_018151179.1	95.56	315	14	0	4	318	1031636	1031322	3.98e-141	505
NW_013659296.1:115673-115930	NW_018151433.1	87.7	244	30	0	15	258	277725	277482	4.48e-75	285
NW_013659301.1:105383-105725	NW_018151088.1	84.8	171	25	1	1	171	1136548	1136379	1.79e-40	171
NW_013659302.1:96746-97118	NW_018150923.1	83.33	372	60	2	3	373	2218802	2219172	3.93e-92	342
NW_013659317.1:161350-161480	NW_018150832.1	89.52	124	13	0	1	124	3095445	3095568	4.6e-37	158
NW_013659322.1:130222-130365	NW_018150904.1	87.5	144	18	0	1	144	1217529	1217672	8.61e-40	167
NW_013659323.1:71886-72024	NW_018151050.1	87.05	139	18	0	1	139	1417415	1417553	4.96e-37	158
NW_013659323.1:75657-75861	NW_018151050.1	80.61	196	36	2	11	205	1422020	1422214	1.31e-34	150
NW_013659340.1:141480-141728	NW_018150697.1	82.33	249	41	2	1	249	10375100	10374855	2.06e-53	213
NW_013659347.1:21385-21722	NW_018151125.1	85.56	90	8	4	19	106	189128	189042	5.08e-16	89.8
NW_013659347.1:34073-34368	NW_018151125.1	87.67	146	18	0	151	296	184400	184255	1.52e-40	171
NW_013659349.1:42738-43292	NW_018150814.1	86.13	555	77	0	1	555	2812301	2811747	3.22e-169	599
NW_013659360.1:151773-151983	NW_018151003.1	80.86	209	40	0	3	211	1609137	1608929	4.84e-39	165
NW_013659360.1:33332-33558	NW_018151450.1	80.18	227	45	0	1	227	79884	80110	1.13e-40	171
NW_013659366.1:3431-3707	NW_018150741.1	81.36	279	48	4	1	277	4974189	4973913	1.07e-56	224
NW_013659368.1:114820-114949	NW_018151404.1	91.6	119	10	0	12	130	95687	95569	2.72e-39	165
NW_013659386.1:130783-131967	NW_018150697.1	86.03	1188	163	1	1	1185	1093048	1094235	0	1271
NW_013659386.1:130783-132001	NW_018150697.1	85.97	1197	164	2	1	1194	1093048	1094243	0	1277
NW_013659404.1:211547-211676	NW_018150876.1	88.37	129	12	2	1	129	1449673	1449548	2.12e-35	152
NW_013659405.1:207676-208050	NW_018151316.1	87.13	334	41	2	42	374	359027	358695	1.08e-102	377
NW_013659417.1:224764-226304	NW_018151005.1	81.65	1542	269	7	1	1529	859513	861053	0	1267
NW_013659423.1:104413-104543	NW_018150862.1	84.09	132	19	2	1	131	2182419	2182549	1.3e-27	126
NW_013659425.1:154838-155026	NW_018151457.1	83.12	160	27	0	1	160	37960	38119	1.55e-33	147
NW_013659433.1:150495-151549	NW_018151278.1	78.37	356	71	5	683	1035	247903	248255	1.23e-56	226
NW_013659433.1:183758-183944	NW_018150844.1	84.53	181	28	0	1	181	427543	427723	1.51e-43	180
NW_013659434.1:139130-139548	NW_018150853.1	81.8	401	71	2	20	419	2094874	2094475	7.45e-90	335
NW_013659443.1:344-487	NW_018151299.1	88.46	78	9	0	1	78	282825	282748	4.12e-18	95.3
NW_013659456.1:169274-169943	NW_018150778.1	86.4	669	89	2	1	668	702320	701653	0	730
NW_013659460.1:128914-129117	NW_018150733.1	86.03	179	25	0	26	204	504772	504950	2.14e-47	193
NW_013659460.1:189087-189355	NW_018150733.1	87.01	177	21	2	7	182	553384	553559	6.29e-49	198
NW_013659460.1:51520-51749	NW_018150733.1	82.98	188	19	8	28	210	430878	431057	8.94e-37	158
NW_013659460.1:70513-71358	NW_018150733.1	92.31	91	7	0	756	846	443666	443756	7.88e-28	130
NW_013659471.1:227868-228556	NW_018151193.1	80.11	357	60	5	343	689	870165	869810	1.01e-65	255
NW_013659472.1:135944-136080	NW_018151008.1	90.51	137	13	0	1	137	1520959	1520823	2.89e-44	182
NW_013659474.1:14532-15263	NW_018150951.1	74.29	739	179	10	1	732	1062838	1062104	1.36e-79	302
NW_013659480.1:148008-148133	NW_018150820.1	87.2	125	14	2	3	126	166547	166424	4.41e-32	141
NW_013659494.1:122704-122903	NW_018151419.1	83.42	199	33	0	2	200	316172	316370	3.49e-45	185
NW_013659512.1:179256-179990	NW_018151018.1	77.71	691	119	21	16	699	1295851	1296513	2.83e-106	390
NW_013659518.1:153402-153536	NW_018150804.1	87.41	135	17	0	1	135	187898	188032	1.72e-36	156
NW_013659518.1:159578-159753	NW_018150804.1	84.75	177	25	2	1	176	192309	192484	1.82e-42	176
NW_013659546.1:126252-126402	NW_018150807.1	88.08	151	18	0	1	151	3218080	3217930	1.17e-43	180
NW_013659553.1:206619-206788	NW_018150973.1	83.95	162	26	0	3	164	1768395	1768234	2.28e-36	156
NW_013659567.1:33861-34048	NW_018151245.1	88.3	188	22	0	1	188	300405	300218	1.93e-57	226
NW_013659590.1:113896-117208	NW_018151631.1	92.1	291	23	0	641	931	120117	120407	1.01e-111	411
NW_013659591.1:151776-152147	NW_018151578.1	95.46	88	4	0	283	370	88983	88896	1.53e-31	141
NW_013659605.1:73194-74618	NW_018150700.1	85.76	1426	197	6	3	1425	6480931	6479509	0	1504
NW_013659607.1:23393-23553	NW_018150697.1	80.99	121	23	0	34	154	679074	679194	1.31e-18	97.1
NW_013659615.1:87935-88774	NW_018151124.1	79.62	854	157	12	3	840	209546	208694	1.79e-168	597
NW_013659616.1:5839-6942	NW_018151070.1	80.5	323	50	10	788	1104	543046	542731	2.14e-59	235
NW_013659618.1:20860-21251	NW_018153028.1	77.99	159	32	3	113	270	5834	5990	3.56e-18	97.1
NW_013659632.1:6945-7158	NW_018152612.1	88.44	199	23	0	16	214	10342	10540	7.95e-62	241
NW_013659651.1:179296-179472	NW_018151582.1	86.55	171	23	0	2	172	86444	86614	2.35e-46	189
NW_013659670.1:169337-169558	NW_018150988.1	81	221	40	2	1	220	797198	796979	8.53e-42	174
NW_013659681.1:161494-161631	NW_018151980.1	90.51	137	13	0	2	138	46631	46767	2.92e-44	182
NW_013659683.1:97139-97316	NW_018150887.1	86.86	175	20	3	6	178	975107	974934	1.83e-47	193
NW_013659688.1:13067-13228	NW_018151223.1	87.72	114	13	1	18	130	579119	579232	3.62e-29	132
NW_013659692.1:40634-41022	NW_018150939.1	83.73	381	60	2	4	383	856303	855924	4.08e-97	359
NW_013659697.1:125461-125615	NW_018151043.1	80.85	141	26	1	7	147	814841	814702	1.61e-22	110
NW_013659702.1:95620-95838	NW_018151322.1	80.46	220	41	2	1	219	239849	239631	1.4e-39	167
NW_013659728.1:119395-121758	NW_018151772.1	77.64	2415	468	46	1	2364	140681	138288	0	1402
NW_013659728.1:22486-22838	NW_018151044.1	84.19	291	41	5	1	287	801026	801315	1.06e-72	278
NW_013659733.1:21646-23029	NW_018151012.1	73.48	1022	247	21	1	1010	1487554	1488563	3.29e-98	364
NW_013659733.1:36393-36582	NW_018151012.1	81.25	176	27	6	1	173	1508912	1509084	9.4e-31	137
NW_013659741.1:154317-155739	NW_018151070.1	80	450	78	8	1	441	54160	53714	2.07e-85	322
NW_013659744.1:200316-201462	NW_018150862.1	85.08	1146	171	0	1	1146	1854094	1855239	0	1170
NW_013659744.1:200316-202280	NW_018150862.1	83.9	1814	257	22	1	1810	1854094	1855876	0	1700
NW_013659755.1:83507-83932	NW_018150714.1	80.14	282	53	1	5	286	1412400	1412122	1.72e-51	207
NW_013659755.1:83507-83935	NW_018150714.1	80.14	282	53	1	5	286	1412400	1412122	1.73e-51	207
NW_013659759.1:40744-40939	NW_018150862.1	84.1	195	31	0	2	196	2242375	2242569	2.64e-46	189
NW_013659772.1:8180-8778	NW_018150940.1	75.2	609	113	27	1	599	568062	567482	3.13e-65	254
NW_013659782.1:106308-106522	NW_018151437.1	80.28	213	42	0	3	215	28449	28237	6.4e-38	161
NW_013659788.1:58718-58936	NW_018150872.1	86.3	219	30	0	1	219	98748	98966	2.94e-61	239
NW_013659804.1:26767-29368	NW_018151068.1	77.12	2671	524	66	1	2602	42967	45619	0	1467
NW_013659809.1:119129-119316	NW_018151185.1	79.89	179	30	4	13	188	191533	191358	2.01e-27	126
NW_013659810.1:41292-41486	NW_018150814.1	86.74	181	24	0	15	195	1441633	1441813	3.37e-50	202
NW_013659816.1:121171-122186	NW_018150741.1	78.55	1021	191	18	1	1007	3052940	3053946	0	647
NW_013659818.1:334138-334327	NW_018150954.1	96.61	59	2	0	132	190	1390560	1390618	4.44e-19	99
NW_013659820.1:74532-74694	NW_018150725.1	79.5	161	33	0	3	163	4922643	4922483	3.68e-24	115
NW_013659822.1:161997-162260	NW_018150919.1	81.28	251	40	5	18	264	437433	437186	2.21e-48	196
NW_013659857.1:7128-9315	NW_018150755.1	78.89	2212	419	31	1	2188	2062591	2060404	0	1454
NW_013659859.1:4466-4656	NW_018151943.1	85.86	191	25	2	2	191	97706	97895	3.31e-50	202
NW_013659871.1:89631-90647	NW_018151217.1	76.05	547	122	6	338	878	788727	788184	1.16e-71	276
NW_013659874.1:33797-34415	NW_018151229.1	81.35	579	108	0	1	579	58382	57804	8.21e-131	472
NW_013659875.1:7640-8867	NW_018150695.1	82.71	1232	205	5	1	1228	9380361	9381588	0	1088
NW_013659879.1:73577-74478	NW_018150954.1	85.71	280	34	5	626	902	1299464	1299188	3.65e-76	291
NW_013659880.1:33088-33292	NW_018151376.1	85.11	188	28	0	1	188	327848	327661	2.15e-47	193
NW_013659910.1:55950-57158	NW_018150699.1	78.52	1173	240	12	42	1205	6055808	6054639	0	760
NW_013659916.1:71703-71852	NW_018150778.1	90	150	15	0	1	150	3075096	3074947	4.15e-48	195
NW_013659932.1:240788-240910	NW_018150781.1	89.34	122	13	0	1	122	1073185	1073306	5.5e-36	154
NW_013659946.1:16539-17837	NW_018151780.1	84.25	959	151	0	2	960	55376	54418	0	935
NW_013659953.1:14620-14797	NW_018150956.1	81.82	176	32	0	3	178	1606464	1606639	4.02e-34	148
NW_013659959.1:140653-142643	NW_018151602.1	87.93	58	7	0	1086	1143	132800	132857	4.18e-09	69.4
NW_013659973.1:104978-105810	NW_018150848.1	85.15	330	42	4	397	724	2750406	2750730	1.98e-88	331
NW_013659973.1:52131-52652	NW_018150848.1	82.73	527	81	8	1	522	2643771	2644292	1.49e-127	460
NW_013659974.1:12304-14647	NW_018150725.1	87	200	26	0	1	200	1632775	1632576	2.77e-56	226
NW_013659979.1:130982-131117	NW_018150814.1	88.24	136	16	0	1	136	2749554	2749689	1.04e-38	163
NW_013659979.1:98409-98600	NW_018150911.1	78.49	172	33	4	12	181	1921499	1921330	2.07e-22	110
NW_013659996.1:104343-104481	NW_018160644.1	90.65	139	13	0	1	139	677	815	2.27e-45	185
NW_013659997.1:69594-70619	NW_018151142.1	77.48	1030	224	7	1	1026	272366	271341	2.82e-172	610
NW_013660008.1:112295-112510	NW_018151675.1	89.82	216	22	0	1	216	73198	72983	6.12e-73	278
NW_013660008.1:17235-17381	NW_018151675.1	93.15	146	10	0	1	146	234961	234816	3.11e-54	215
NW_013660036.1:61451-61579	NW_018151022.1	90.7	129	12	0	1	129	83910	84038	1.61e-41	172
NW_013660036.1:62873-63016	NW_018151022.1	84.21	133	20	1	5	136	95417	95549	4.06e-28	128
NW_013660046.1:132779-132988	NW_018151297.1	87.86	140	14	1	71	210	376845	376981	6.23e-38	161
NW_013660046.1:135556-135804	NW_018151297.1	79.36	252	44	7	2	249	378765	379012	1.26e-40	171
NW_013660050.1:103801-104002	NW_018150733.1	90	200	20	0	1	200	1544531	1544332	2.05e-67	259
NW_013660050.1:94443-94634	NW_018150733.1	85.34	191	26	2	3	192	1550862	1550673	1.55e-48	196
NW_013660052.1:34898-35625	NW_018151379.1	89.82	108	9	2	99	205	286706	286812	4.03e-30	137
NW_013660052.1:56504-57430	NW_018150811.1	74.75	919	212	18	1	909	1606053	1606961	2.78e-107	394
NW_013660078.1:75308-75589	NW_018150716.1	85.46	282	35	4	1	282	5152095	5152370	3.82e-76	289
NW_013660080.1:9065-9805	NW_018151456.1	86.22	508	70	0	144	651	463656	464163	1.24e-154	551
NW_013660085.1:106530-107210	NW_018150729.1	92.07	681	54	0	1	681	3432440	3433120	0	959
NW_013660095.1:129893-130058	NW_018151051.1	81.44	167	29	2	1	166	39013	38848	2.88e-30	135
NW_013660100.1:4360-5280	NW_018151322.1	85.9	922	128	2	1	921	448733	447813	0	981
NW_013660101.1:14896-18179	NW_018151071.1	76.49	1310	273	22	1	1303	323984	325265	0	680
NW_013660147.1:129290-129449	NW_018150853.1	77.71	166	31	1	1	160	642142	642307	1.3e-18	97.1
NW_013660159.1:105862-106615	NW_018151813.1	82.14	756	127	8	1	752	127353	126602	0	641
NW_013660169.1:36372-37502	NW_018151205.1	80.11	1131	206	12	1	1114	776460	777588	0	824
NW_013660170.1:126055-126584	NW_018150695.1	83.24	531	85	4	1	529	1912422	1911894	8.96e-135	484
NW_013660171.1:61850-62012	NW_018151059.1	90.8	163	15	0	1	163	1266182	1266020	2.72e-55	219
NW_013660172.1:124105-124706	NW_018150969.1	88.09	596	71	0	1	596	880945	881540	0	708
NW_013660178.1:127170-128154	NW_018150848.1	80.07	537	102	5	451	985	2935544	2935011	2.96e-107	394
NW_013660196.1:48072-49106	NW_018151115.1	83.12	1007	157	6	11	1006	615855	614851	0	905
NW_013660197.1:88972-89136	NW_018150826.1	87.12	163	21	0	3	165	2392409	2392571	2.8e-45	185
NW_013660217.1:107659-108644	NW_018150699.1	88.47	711	75	4	281	986	137350	136642	0	852
NW_013660227.1:110147-110606	NW_018150944.1	81.84	424	62	6	40	460	1890943	1891354	4.91e-92	342
NW_013660227.1:98657-99375	NW_018150944.1	78.35	716	151	4	6	719	1882481	1883194	2.08e-127	460
NW_013660262.1:55511-55658	NW_018150872.1	90.44	136	13	0	2	137	309449	309584	1.14e-43	180
NW_013660262.1:80872-81548	NW_018150944.1	80.44	680	127	6	1	677	716532	717208	1.48e-143	514
NW_013660267.1:97879-98796	NW_018151831.1	77.39	482	86	15	1	461	37569	37090	2.25e-68	265
NW_013660282.1:33909-34166	NW_018150765.1	90.48	231	14	5	35	258	3507691	3507462	5.75e-79	298
NW_013660287.1:45678-45809	NW_018150729.1	86.15	130	18	0	3	132	5266505	5266376	4.68e-32	141
NW_013660297.1:81695-81822	NW_018150807.1	87.4	127	16	0	2	128	2603011	2603137	9.68e-34	147
NW_013660302.1:99871-101086	NW_018150735.1	77.42	1138	232	12	1	1133	1237281	1238398	0	654
NW_013660306.1:40687-40832	NW_018151458.1	90.44	115	11	0	32	146	387156	387042	2.45e-35	152
NW_013660321.1:64423-64607	NW_018150733.1	90.27	185	18	0	1	185	3001414	3001230	1.88e-62	243
NW_013660321.1:80398-80560	NW_018150733.1	83.44	163	27	0	1	163	2991565	2991403	2.8e-35	152
NW_013660330.1:14995-15182	NW_018151385.1	79.89	189	34	2	2	188	279616	279430	3.34e-30	135
NW_013660330.1:47429-47598	NW_018151385.1	88.82	170	19	0	1	170	251677	251508	1.72e-52	209
NW_013660347.1:23673-24905	NW_018151250.1	78.98	647	116	11	1	643	401181	400551	4.76e-116	424
NW_013660355.1:59309-59941	NW_018151408.1	80	645	111	11	1	633	271862	271224	1.82e-127	460
NW_013660355.1:61055-61249	NW_018151408.1	86.01	193	27	0	3	195	269431	269239	7.24e-52	207
NW_013660359.1:61732-61912	NW_018150770.1	79.01	181	38	0	1	181	660950	660770	6.91e-27	124
NW_013660363.1:85246-85402	NW_018150714.1	90.54	148	14	0	7	154	4813021	4813168	1.22e-48	196
NW_013660367.1:67195-67319	NW_018150720.1	80.34	117	23	0	1	117	623142	623026	1.61e-16	89.8
NW_013660410.1:74562-74737	NW_018150813.1	85.23	176	26	0	1	176	131206	131381	3.91e-44	182
NW_013660462.1:45626-45973	NW_018150700.1	81.38	349	58	6	5	348	5994091	5993745	1.04e-72	278
NW_013660485.1:16976-17113	NW_018150872.1	88.46	130	15	0	9	138	1841599	1841470	4.91e-37	158
NW_013660505.1:55079-56703	NW_018150872.1	85.68	412	59	0	1214	1625	1230913	1230502	2.91e-119	435
NW_013660516.1:33563-34438	NW_018150726.1	81.23	847	147	7	37	874	2921317	2920474	0	673
NW_013660527.1:14394-14516	NW_018151227.1	86.67	120	16	0	4	123	737128	737247	7.16e-30	134
NW_013660537.1:22733-22945	NW_018150841.1	82.84	204	33	2	2	204	1329691	1329893	4.86e-44	182
NW_013660559.1:71879-72069	NW_018150876.1	84.86	185	28	0	3	187	2367791	2367607	9.26e-46	187
NW_013660577.1:19404-19557	NW_018150753.1	87.5	152	19	0	3	154	1138988	1139139	1.55e-42	176
NW_013660587.1:21883-22040	NW_018150705.1	90.51	158	15	0	1	158	147762	147919	1.58e-52	209
NW_013660590.1:38814-40121	NW_018150862.1	80.52	1319	235	14	4	1307	696002	694691	0	992
NW_013660597.1:49904-50074	NW_018151083.1	88.7	177	14	3	1	171	455219	455395	4.82e-53	211
NW_013660604.1:100548-102089	NW_018150869.1	84.76	315	46	2	1229	1542	506856	506543	3.75e-83	315
NW_013660611.1:67081-67337	NW_018151282.1	87.16	257	33	0	1	257	64965	64709	2.66e-77	292
NW_013660611.1:68323-68474	NW_018151282.1	86.75	151	20	0	2	152	64055	63905	2.56e-40	169
NW_013660611.1:68323-68603	NW_018151282.1	87.1	155	20	0	2	156	64055	63901	3.09e-42	176
NW_013660627.1:56261-57028	NW_018151344.1	80.49	779	121	16	1	768	175757	176515	1.28e-159	568
NW_013660633.1:30924-31087	NW_018151246.1	86.58	164	22	0	1	164	761493	761330	3.6e-44	182
NW_013660635.1:52382-55594	NW_018150756.1	78.78	768	100	29	2483	3208	4114807	4115553	1.24e-125	457
NW_013660665.1:24698-25051	NW_018150775.1	100	30	0	0	264	293	775245	775274	5.42e-06	56.5
NW_013660665.1:72635-73209	NW_018151579.1	81.56	575	95	8	2	575	64224	63660	1.27e-128	464
NW_013660668.1:64917-65090	NW_018150798.1	83.91	174	28	0	1	174	3436664	3436837	1.08e-39	167
NW_013660678.1:66359-66537	NW_018150930.1	83.95	162	26	0	16	177	280130	280291	2.42e-36	156
NW_013660710.1:63045-63274	NW_018151529.1	85.86	198	28	0	33	230	122122	122319	6.77e-53	211
NW_013660714.1:72414-73645	NW_018150787.1	80.58	551	92	10	1	536	175901	176451	3.7e-112	411
NW_013660737.1:28182-28363	NW_018150748.1	90.66	182	17	0	1	182	1381976	1382157	1.84e-62	243
NW_013660737.1:29236-29392	NW_018150748.1	89.17	157	17	0	1	157	1383097	1383253	1.22e-48	196
NW_013660755.1:37020-37565	NW_018150730.1	86.52	549	68	6	1	546	3354684	3355229	3.16e-169	599
NW_013660761.1:29454-29659	NW_018150700.1	81.54	195	32	3	1	193	9393071	9392879	7.88e-37	158
NW_013660761.1:8587-12676	NW_018150700.1	76.8	1888	367	40	1234	3069	9423713	9421845	0	994
NW_013660796.1:4243-4395	NW_018151576.1	87.58	153	19	0	1	153	90271	90119	4.28e-43	178
NW_013660803.1:15416-16180	NW_018151564.1	78.46	752	143	13	12	755	85706	84966	2.85e-131	473
NW_013660810.1:16506-16663	NW_018150926.1	89.68	155	16	0	4	158	1821750	1821904	3.42e-49	198
NW_013660810.1:29228-29994	NW_018150926.1	79.28	782	136	19	2	767	1828175	1828946	2.8e-146	523
NW_013660835.1:50181-52535	NW_018150899.1	75.13	2115	455	49	1	2075	984596	982513	0	926
NW_013660852.1:34507-35517	NW_018151001.1	80.44	1033	159	19	2	1011	1183957	1184969	0	749
NW_013660862.1:8564-9765	NW_018150930.1	79.18	706	120	17	515	1202	1341508	1340812	2.73e-128	464
NW_013660866.1:51898-52064	NW_018150919.1	88.02	167	19	1	1	166	1341158	1340992	1.31e-48	196
NW_013660893.1:10437-11746	NW_018151000.1	83.37	1028	132	21	298	1310	1665783	1666786	0	915
NW_013660903.1:21507-21686	NW_018150697.1	86.98	169	20	2	13	180	2583265	2583432	2.4e-46	189
NW_013660905.1:39067-39224	NW_018151804.1	82.88	146	25	0	2	147	100246	100391	3.52e-29	132
NW_013660915.1:38574-40093	NW_018151106.1	79.12	1528	299	17	3	1520	215802	214285	0	1037
NW_013660922.1:51510-51795	NW_018151533.1	85.51	283	41	0	1	283	161034	161316	2.32e-78	296
NW_013660933.1:753-1856	NW_018150742.1	75.57	1093	225	28	1	1075	3968146	3967078	1.91e-139	501
NW_013660938.1:15127-15346	NW_018151703.1	85.46	220	32	0	1	220	70814	71033	1.78e-58	230
NW_013660953.1:58111-58243	NW_018150733.1	75.76	132	32	0	2	133	1559713	1559844	8.14e-10	67.6
NW_013660972.1:52661-53923	NW_018150778.1	85.67	1263	172	4	1	1263	1311341	1310088	0	1321
NW_013660973.1:10220-10438	NW_018150954.1	86.3	219	30	0	1	219	1008840	1009058	2.94e-61	239
NW_013660974.1:16117-17000	NW_018150793.1	73.83	837	187	23	4	827	740606	739789	4.59e-80	303
NW_013660976.1:10589-10714	NW_018150996.1	92.06	126	10	0	1	126	47593	47718	3.36e-43	178
NW_013660976.1:5414-7244	NW_018150996.1	74.47	1657	394	28	6	1649	43572	45212	0	689
NW_013660976.1:9639-9838	NW_018150996.1	88.5	200	23	0	1	200	46331	46530	2.04e-62	243
NW_013661049.1:16971-21823	NW_018151922.1	78.26	1251	240	28	1	1232	88681	87444	0	774
NW_013661050.1:19971-20173	NW_018151075.1	85.91	149	21	0	52	200	190595	190743	2.15e-37	159
NW_013661071.1:60546-61859	NW_018150919.1	80.77	416	75	5	1	414	370630	370218	6.85e-85	320
NW_013661076.1:49795-52458	NW_018151203.1	80.15	2604	503	11	66	2662	334958	332362	0	1932
NW_013661170.1:19358-19528	NW_018150946.1	85.97	171	24	0	1	171	461745	461915	1.05e-44	183
NW_013661177.1:639-806	NW_018151313.1	88.39	155	18	0	6	160	501747	501593	7.96e-46	187
NW_013661188.1:44365-44940	NW_018150887.1	85.24	576	85	0	1	576	997980	997405	1.56e-167	593
NW_013661192.1:24936-25489	NW_018151470.1	85.43	549	80	0	5	553	167992	167444	7e-161	571
NW_013661213.1:3344-3908	NW_018150814.1	82.3	565	100	0	1	565	2627507	2628071	2.06e-136	490
NW_013661219.1:3595-4640	NW_018150735.1	83.73	1051	155	10	1	1043	4772419	4771377	0	979
NW_013661227.1:4532-4676	NW_018150753.1	86.21	145	20	0	1	145	2478623	2478767	5.22e-37	158
NW_013661237.1:44158-44340	NW_018151411.1	83.98	181	29	0	1	181	243330	243510	6.86e-42	174
NW_013661249.1:43569-43756	NW_018151022.1	89.01	182	20	0	7	188	943602	943421	1.93e-57	226
NW_013661279.1:40043-40281	NW_018150956.1	82.84	239	41	0	1	239	120782	121020	5.46e-54	215
NW_013661283.1:4203-4528	NW_018151075.1	82.13	319	55	2	9	326	497503	497820	4.52e-71	272
NW_013661303.1:6741-6958	NW_018150807.1	82.57	218	38	0	1	218	2363134	2363351	2.31e-47	193
NW_013661312.1:24611-24841	NW_018150919.1	77.47	213	46	2	3	214	1193697	1193908	2.53e-27	126
NW_013661337.1:16432-16592	NW_018150720.1	86.03	136	19	0	26	161	1768424	1768559	1.28e-33	147
NW_013661390.1:31438-33175	NW_018150763.1	91.75	970	80	0	393	1362	2402391	2403360	0	1349
NW_013661392.1:19206-20156	NW_018151482.1	75.34	945	229	4	9	951	107303	106361	1.67e-124	451
NW_013661435.1:10746-10904	NW_018151050.1	88.97	145	16	0	15	159	1341442	1341586	1.25e-43	180
NW_013661483.1:963-1194	NW_018151158.1	88.31	231	27	0	2	232	525549	525319	6.64e-73	278
NW_013661493.1:4580-5071	NW_018151388.1	82.52	492	86	0	1	492	127217	126726	3.04e-119	433
NW_013661493.1:9562-9826	NW_018151388.1	84.5	200	31	0	6	205	122530	122331	6.18e-49	198
NW_013661537.1:20725-20860	NW_018150954.1	92.65	136	10	0	1	136	1536269	1536134	1.02e-48	196
NW_013661537.1:22583-22843	NW_018150954.1	87.36	174	20	2	1	173	1532970	1532798	6.08e-49	198
NW_013661588.1:13627-13786	NW_018150845.1	89.04	146	16	0	15	160	1904775	1904920	3.49e-44	182
NW_013661598.1:26107-26289	NW_018150834.1	85.96	178	25	0	4	181	1708322	1708145	6.81e-47	191
NW_013661604.1:12758-12901	NW_018150841.1	85.42	144	21	0	1	144	2136759	2136902	8.67e-35	150
NW_013661634.1:19804-20000	NW_018151068.1	87.22	133	17	0	1	133	851051	851183	3.48e-35	152
NW_013661634.1:4289-4451	NW_018151068.1	86.18	152	21	0	12	163	830061	830212	3.6e-39	165
NW_013661634.1:6633-6773	NW_018151068.1	89.36	141	15	0	1	141	831743	831883	3.87e-43	178
NW_013661659.1:12399-12521	NW_018150756.1	82.93	123	21	0	1	123	2375596	2375474	3.36e-23	111
NW_013661684.1:6247-6453	NW_018151044.1	86.47	207	28	0	1	207	574400	574194	5.95e-58	228
NW_013661718.1:36048-37294	NW_018150700.1	82.79	1255	202	10	3	1247	7985195	7986445	0	1109
NW_013661734.1:14350-14545	NW_018151257.1	86.15	195	25	2	1	194	103135	103328	2.02e-52	209
NW_013661769.1:19407-19537	NW_018151223.1	83.19	113	19	0	19	131	487250	487362	6.08e-21	104
NW_013661819.1:26929-28263	NW_018150695.1	80.65	1049	203	0	287	1335	11635285	11634237	0	813
NW_013661895.1:14355-14547	NW_018151044.1	86.53	193	26	0	1	193	1002223	1002415	1.55e-53	213
NW_013662067.1:7279-7408	NW_018150973.1	86.92	130	17	0	1	130	439293	439422	9.87e-34	147
NW_013662090.1:2342-2470	NW_018150930.1	89.68	126	13	0	4	129	1883569	1883444	3.49e-38	161
NW_013662096.1:8511-8732	NW_018150876.1	84.18	158	23	2	18	174	2126981	2126825	4e-35	152
NW_013662155.1:8459-9219	NW_018150841.1	84.93	438	54	10	1	431	2676239	2675807	4.81e-119	433
NW_013662259.1:5982-6200	NW_018151185.1	79	219	43	2	1	219	502754	502969	1.83e-33	147
NW_013662346.1:3375-3647	NW_018150700.1	93.33	60	4	0	214	273	9094866	9094925	4.01e-16	89.8
NW_013664709.1:419-832	NW_018151166.1	82.49	417	67	5	1	414	1011589	1012002	1.21e-97	361
