QLTV01000225.1:c99575-98616	QLTV01000225.1	100	960	0	0	1	960	99575	98616	0	1773
QLTV01000331.1:c1412896-1411951	QLTV01000331.1	100	946	0	0	1	946	1412896	1411951	0	1748
QLTV01000331.1:c1489479-1488504	QLTV01000331.1	100	976	0	0	1	976	1489479	1488504	0	1803
QLTV01000331.1:c1514525-1513611	QLTV01000331.1	100	915	0	0	1	915	1514525	1513611	0	1690
QLTV01000331.1:c1563856-1562939	QLTV01000331.1	100	918	0	0	1	918	1563856	1562939	0	1696
QLTV01000331.1:c806902-805924	QLTV01000331.1	100	979	0	0	1	979	806902	805924	0	1808
QLTV01000377.1:c355954-354989	QLTV01000377.1	100	966	0	0	1	966	355954	354989	0	1784
QLTV01000383.1:c1152932-1151959	QLTV01000383.1	100	974	0	0	1	974	1152932	1151959	0	1799
QLTV01000383.1:c784045-783084	QLTV01000383.1	100	962	0	0	1	962	784045	783084	0	1777
QLTV01000392.1:c2449999-2449029	QLTV01000392.1	100	971	0	0	1	971	2449999	2449029	0	1794
QLTV01000419.1:c1499961-1498976	QLTV01000419.1	100	986	0	0	1	986	1499961	1498976	0	1821
QLTV01000419.1:c3761031-3760125	QLTV01000419.1	100	907	0	0	1	907	3761031	3760125	0	1676
QLTV01000437.1:c1250374-1249408	QLTV01000437.1	100	967	0	0	1	967	1250374	1249408	0	1786
QLTV01000437.1:c1250374-1249426	QLTV01000437.1	100	949	0	0	1	949	1250374	1249426	0	1753
QLTV01000437.1:c827576-826596	QLTV01000437.1	100	981	0	0	1	981	827576	826596	0	1812
QLTV01000548.1:c3481854-3480911	QLTV01000548.1	100	944	0	0	1	944	3481854	3480911	0	1744
QLTV01000556.1:c667725-666768	QLTV01000556.1	100	958	0	0	1	958	667725	666768	0	1770
QLTV01000576.1:c81247-80319	QLTV01000576.1	100	929	0	0	1	929	81247	80319	0	1716
QLTV01000597.1:c489212-488302	QLTV01000597.1	100	911	0	0	1	911	489212	488302	0	1683
QLTV01000598.1:c2344838-2343842	QLTV01000598.1	100	997	0	0	1	997	2344838	2343842	0	1842
QLTV01000598.1:c396584-395649	QLTV01000598.1	100	936	0	0	1	936	396584	395649	0	1729
QLTV01000601.1:c4262972-4261994	QLTV01000601.1	100	979	0	0	1	979	4262972	4261994	0	1808
QLTV01000601.1:c4437984-4436997	QLTV01000601.1	100	988	0	0	1	988	4437984	4436997	0	1825
QLTV01000602.1:c297056-296125	QLTV01000602.1	100	932	0	0	1	932	297056	296125	0	1722
QLTV01000641.1:c850756-849809	QLTV01000641.1	100	948	0	0	1	948	850756	849809	0	1751
QLTV01000769.1:c212069-211089	QLTV01000769.1	100	981	0	0	1	981	212069	211089	0	1812
QLTV01000773.1:c912197-911229	QLTV01000773.1	100	969	0	0	1	969	912197	911229	0	1790
QLTV01000785.1:c126105-125201	QLTV01000785.1	100	905	0	0	1	905	126105	125201	0	1672
QLTV01000793.1:c304815-303843	QLTV01000793.1	100	973	0	0	1	973	304815	303843	0	1797
QLTV01000800.1:c652914-651927	QLTV01000800.1	100	988	0	0	1	988	652914	651927	0	1825
QLTV01000804.1:c5948183-5947235	QLTV01000804.1	100	949	0	0	1	949	5948183	5947235	0	1753
QLTV01000806.1:c1790354-1789380	QLTV01000806.1	100	975	0	0	1	975	1790354	1789380	0	1801
QLTV01000831.1:c84969-84029	QLTV01000831.1	100	941	0	0	1	941	84969	84029	0	1738
QLTV01000867.1:c1181176-1180190	QLTV01000867.1	100	987	0	0	1	987	1181176	1180190	0	1823
QLTV01000867.1:c6306785-6305864	QLTV01000867.1	100	922	0	0	1	922	6306785	6305864	0	1703
QLTV01000974.1:c12273763-12272784	QLTV01000974.1	100	980	0	0	1	980	12273763	12272784	0	1810
QLTV01000974.1:c6209877-6208960	QLTV01000974.1	100	918	0	0	1	918	6209877	6208960	0	1696
QLTV01000974.1:c9150173-9149223	QLTV01000974.1	100	951	0	0	1	951	9150173	9149223	0	1757
QLTV01000974.1:c9319951-9319004	QLTV01000974.1	100	948	0	0	1	948	9319951	9319004	0	1751
QLTV01000994.1:c1182081-1181109	QLTV01000994.1	100	973	0	0	1	973	1182081	1181109	0	1797
QLTV01000994.1:c1182081-1181166	QLTV01000994.1	100	916	0	0	1	916	1182081	1181166	0	1692
QLTV01000994.1:c939817-938888	QLTV01000994.1	100	930	0	0	1	930	939817	938888	0	1718
QLTV01000995.1:c718503-717524	QLTV01000995.1	100	980	0	0	1	980	718503	717524	0	1810
QLTV01001007.1:c291309-290329	QLTV01001007.1	100	981	0	0	1	981	291309	290329	0	1812
QLTV01001007.1:c3399114-3398173	QLTV01001007.1	100	942	0	0	1	942	3399114	3398173	0	1740
QLTV01001126.1:c1064389-1063428	QLTV01001126.1	100	962	0	0	1	962	1064389	1063428	0	1777
QLTV01001126.1:c1355122-1354189	QLTV01001126.1	100	934	0	0	1	934	1355122	1354189	0	1725
QLTV01001126.1:c908958-908049	QLTV01001126.1	100	910	0	0	1	910	908958	908049	0	1681
QLTV01001146.1:c2113031-2112088	QLTV01001146.1	100	944	0	0	1	944	2113031	2112088	0	1744
QLTV01001179.1:c1069612-1068685	QLTV01001179.1	100	928	0	0	1	928	1069612	1068685	0	1714
QLTV01001179.1:c5654-4753	QLTV01001179.1	100	902	0	0	1	902	5654	4753	0	1666
QLTV01001233.1:c323695-322784	QLTV01001233.1	100	912	0	0	1	912	323695	322784	0	1685
QLTV01001315.1:c1859393-1858485	QLTV01001315.1	100	909	0	0	1	909	1859393	1858485	0	1679
QLTV01001316.1:c162760-161794	QLTV01001316.1	100	967	0	0	1	967	162760	161794	0	1786
QLTV01001322.1:c3263306-3262329	QLTV01001322.1	100	978	0	0	1	978	3263306	3262329	0	1807
QLTV01001324.1:c121395-120447	QLTV01001324.1	100	949	0	0	1	949	121395	120447	0	1753
QLTV01001458.1:c5127031-5126041	QLTV01001458.1	100	991	0	0	1	991	5127031	5126041	0	1831
QLTV01001472.1:c134077-133086	QLTV01001472.1	100	992	0	0	1	992	134077	133086	0	1832
QLTV01001483.1:c6049204-6048245	QLTV01001483.1	100	960	0	0	1	960	6049204	6048245	0	1773
QLTV01001680.1:c33610-32669	QLTV01001680.1	100	942	0	0	1	942	33610	32669	0	1740
QLTV01001682.1:c1334128-1333165	QLTV01001682.1	100	964	0	0	1	964	1334128	1333165	0	1781
QLTV01001682.1:c4247782-4246857	QLTV01001682.1	100	926	0	0	1	926	4247782	4246857	0	1711
QLTV01001684.1:c235238-234312	QLTV01001684.1	100	927	0	0	1	927	235238	234312	0	1712
QLTV01001700.1:c3045354-3044388	QLTV01001700.1	100	967	0	0	1	967	3045354	3044388	0	1786
QLTV01001700.1:c67710-66715	QLTV01001700.1	100	996	0	0	1	996	67710	66715	0	1840
QLTV01001705.1:c675195-674227	QLTV01001705.1	100	969	0	0	1	969	675195	674227	0	1790
QLTV01001726.1:c1089842-1088910	QLTV01001726.1	100	933	0	0	1	933	1089842	1088910	0	1724
QLTV01001765.1:c998022-997037	QLTV01001765.1	100	986	0	0	1	986	998022	997037	0	1821
QLTV01001769.1:c1005763-1004768	QLTV01001769.1	100	996	0	0	1	996	1005763	1004768	0	1840
QLTV01001798.1:c684016-683026	QLTV01001798.1	100	991	0	0	1	991	684016	683026	0	1831
QLTV01001798.1:c684016-683075	QLTV01001798.1	100	942	0	0	1	942	684016	683075	0	1740
QLTV01001812.1:c687982-687029	QLTV01001812.1	100	954	0	0	1	954	687982	687029	0	1762
QLTV01001816.1:c1344433-1343463	QLTV01001816.1	100	971	0	0	1	971	1344433	1343463	0	1794
QLTV01001816.1:c1535611-1534684	QLTV01001816.1	100	928	0	0	1	928	1535611	1534684	0	1714
QLTV01001816.1:c322588-321600	QLTV01001816.1	100	989	0	0	1	989	322588	321600	0	1827
QLTV01001816.1:c322588-321657	QLTV01001816.1	100	932	0	0	1	932	322588	321657	0	1722
QLTV01001849.1:c2531452-2530515	QLTV01001849.1	100	938	0	0	1	938	2531452	2530515	0	1733
QLTV01001849.1:c2784552-2783580	QLTV01001849.1	100	973	0	0	1	973	2784552	2783580	0	1797
QLTV01002005.1:c813370-812437	QLTV01002005.1	100	934	0	0	1	934	813370	812437	0	1725
QLTV01002011.1:c1451841-1450897	QLTV01002011.1	100	945	0	0	1	945	1451841	1450897	0	1746
QLTV01002011.1:c832855-831912	QLTV01002011.1	100	944	0	0	1	944	832855	831912	0	1744
QLTV01002018.1:c532814-531903	QLTV01002018.1	100	912	0	0	1	912	532814	531903	0	1685
QLTV01002103.1:c61938-60965	QLTV01002103.1	100	974	0	0	1	974	61938	60965	0	1799
QLTV01002113.1:c684761-683787	QLTV01002113.1	100	975	0	0	1	975	684761	683787	0	1801
QLTV01002132.1:c1835986-1834996	QLTV01002132.1	100	991	0	0	1	991	1835986	1834996	0	1831
QLTV01002264.1:c1002897-1001927	QLTV01002264.1	100	971	0	0	1	971	1002897	1001927	0	1794
QLTV01002264.1:c1002897-1001991	QLTV01002264.1	100	907	0	0	1	907	1002897	1001991	0	1676
QLTV01002264.1:c2841833-2840874	QLTV01002264.1	100	960	0	0	1	960	2841833	2840874	0	1773
QLTV01002265.1:c6667756-6666845	QLTV01002265.1	100	912	0	0	1	912	6667756	6666845	0	1685
QLTV01002419.1:c9128976-9128020	QLTV01002419.1	100	957	0	0	1	957	9128976	9128020	0	1768
QLTV01002425.1:c2110909-2109996	QLTV01002425.1	100	914	0	0	1	914	2110909	2109996	0	1688
QLTV01002426.1:c1471269-1470360	QLTV01002426.1	100	910	0	0	1	910	1471269	1470360	0	1681
QLTV01002426.1:c517598-516641	QLTV01002426.1	100	958	0	0	1	958	517598	516641	0	1770
QLTV01002430.1:c603541-602618	QLTV01002430.1	100	284	0	0	1	284	603541	603258	9.57e-147	525
QLTV01002442.1:c581704-580799	QLTV01002442.1	100	906	0	0	1	906	581704	580799	0	1674
QLTV01002447.1:c2608286-2607379	QLTV01002447.1	100	908	0	0	1	908	2608286	2607379	0	1677
QLTV01002447.1:c3842935-3842030	QLTV01002447.1	100	906	0	0	1	906	3842935	3842030	0	1674
QLTV01002449.1:c396593-395595	QLTV01002449.1	100	999	0	0	1	999	396593	395595	0	1845
QLTV01002469.1:c147414-146470	QLTV01002469.1	100	945	0	0	1	945	147414	146470	0	1746
QLTV01002485.1:c45336-44421	QLTV01002485.1	100	916	0	0	1	916	45336	44421	0	1692
QLTV01002537.1:c416596-415654	QLTV01002537.1	100	943	0	0	1	943	416596	415654	0	1742
QLTV01002544.1:c844398-843413	QLTV01002544.1	100	986	0	0	1	986	844398	843413	0	1821
QLTV01002544.1:c844398-843443	QLTV01002544.1	100	956	0	0	1	956	844398	843443	0	1766
QLTV01002544.1:c897086-896156	QLTV01002544.1	100	931	0	0	1	931	897086	896156	0	1720
QLTV01002548.1:c817876-816887	QLTV01002548.1	100	990	0	0	1	990	817876	816887	0	1829
QLTV01002549.1:c20884-19885	QLTV01002549.1	100	1000	0	0	1	1000	20884	19885	0	1847
QLTV01002551.1:c547254-546340	QLTV01002551.1	100	915	0	0	1	915	547254	546340	0	1690
QLTV01002554.1:c589362-588419	QLTV01002554.1	100	944	0	0	1	944	589362	588419	0	1744
QLTV01002564.1:c511502-510560	QLTV01002564.1	100	943	0	0	1	943	511502	510560	0	1742
QLTV01002566.1:c247580-246647	QLTV01002566.1	100	934	0	0	1	934	247580	246647	0	1725
QLTV01002571.1:c1050070-1049091	QLTV01002571.1	100	980	0	0	1	980	1050070	1049091	0	1810
QLTV01002571.1:c1127123-1126138	QLTV01002571.1	100	986	0	0	1	986	1127123	1126138	0	1821
QLTV01002677.1:c3146308-3145378	QLTV01002677.1	100	931	0	0	1	931	3146308	3145378	0	1720
QLTV01002680.1:c1744083-1743161	QLTV01002680.1	100	923	0	0	1	923	1744083	1743161	0	1705
QLTV01002693.1:c2546172-2545183	QLTV01002693.1	100	990	0	0	1	990	2546172	2545183	0	1829
QLTV01002694.1:c4092429-4091515	QLTV01002694.1	100	915	0	0	1	915	4092429	4091515	0	1690
QLTV01002694.1:c4450163-4449167	QLTV01002694.1	100	997	0	0	1	997	4450163	4449167	0	1842
QLTV01002703.1:c348883-347933	QLTV01002703.1	100	951	0	0	1	951	348883	347933	0	1757
QLTV01002715.1:c153568-152605	QLTV01002715.1	100	964	0	0	1	964	153568	152605	0	1781
QLTV01002718.1:c2686256-2685323	QLTV01002718.1	100	934	0	0	1	934	2686256	2685323	0	1725
QLTV01002718.1:c3513374-3512447	QLTV01002718.1	100	928	0	0	1	928	3513374	3512447	0	1714
QLTV01002723.1:c17474-16489	QLTV01002723.1	100	986	0	0	1	986	17474	16489	0	1821
QLTV01002845.1:c1180967-1180020	QLTV01002845.1	100	948	0	0	1	948	1180967	1180020	0	1751
QLTV01002845.1:c2690843-2689860	QLTV01002845.1	100	984	0	0	1	984	2690843	2689860	0	1818
QLTV01002850.1:c1367369-1366414	QLTV01002850.1	100	956	0	0	1	956	1367369	1366414	0	1766
QLTV01002873.1:c372087-371184	QLTV01002873.1	100	904	0	0	1	904	372087	371184	0	1670
QLTV01002930.1:c705843-704942	QLTV01002930.1	100	902	0	0	1	902	705843	704942	0	1666
QLTV01002931.1:c2840780-2839848	QLTV01002931.1	100	933	0	0	1	933	2840780	2839848	0	1724
QLTV01002931.1:c730245-729301	QLTV01002931.1	100	945	0	0	1	945	730245	729301	0	1746
QLTV01002931.1:c841610-840638	QLTV01002931.1	100	973	0	0	1	973	841610	840638	0	1797
QLTV01002954.1:c354701-353744	QLTV01002954.1	100	958	0	0	1	958	354701	353744	0	1770
QLTV01003110.1:c205809-204863	QLTV01003110.1	100	947	0	0	1	947	205809	204863	0	1749
QLTV01003114.1:c493546-492602	QLTV01003114.1	100	945	0	0	1	945	493546	492602	0	1746
QLTV01003121.1:c301019-300034	QLTV01003121.1	100	986	0	0	1	986	301019	300034	0	1818
QLTV01003123.1:c182922-181937	QLTV01003123.1	100	986	0	0	1	986	182922	181937	0	1821
QLTV01003123.1:c422766-421790	QLTV01003123.1	100	977	0	0	1	977	422766	421790	0	1805
QLTV01003123.1:c794212-793254	QLTV01003123.1	100	959	0	0	1	959	794212	793254	0	1772
QLTV01003132.1:c4199432-4198499	QLTV01003132.1	100	934	0	0	1	934	4199432	4198499	0	1725
QLTV01003139.1:c520915-520000	QLTV01003139.1	100	916	0	0	1	916	520915	520000	0	1692
QLTV01003161.1:c70719-69740	QLTV01003161.1	100	980	0	0	1	980	70719	69740	0	1810
QLTV01003275.1:c1568564-1567613	QLTV01003275.1	100	952	0	0	1	952	1568564	1567613	0	1759
QLTV01003279.1:c1314139-1313203	QLTV01003279.1	100	937	0	0	1	937	1314139	1313203	0	1731
QLTV01003279.1:c1480845-1479895	QLTV01003279.1	100	951	0	0	1	951	1480845	1479895	0	1757
QLTV01003284.1:c1888472-1887492	QLTV01003284.1	100	981	0	0	1	981	1888472	1887492	0	1812
QLTV01003286.1:c1200712-1199806	QLTV01003286.1	100	907	0	0	1	907	1200712	1199806	0	1676
QLTV01003286.1:c542443-541481	QLTV01003286.1	100	963	0	0	1	963	542443	541481	0	1779
QLTV01003303.1:c244999-244054	QLTV01003303.1	100	946	0	0	1	946	244999	244054	0	1748
QLTV01003309.1:c106865-105944	QLTV01003309.1	100	922	0	0	1	922	106865	105944	0	1703
QLTV01003323.1:c2952031-2951036	QLTV01003323.1	100	996	0	0	1	996	2952031	2951036	0	1840
QLTV01003359.1:c59478-58525	QLTV01003359.1	100	954	0	0	1	954	59478	58525	0	1762
QLTV01003359.1:c59478-58562	QLTV01003359.1	100	917	0	0	1	917	59478	58562	0	1694
QLTV01003387.1:c72786-71838	QLTV01003387.1	100	949	0	0	1	949	72786	71838	0	1753
QLTV01003388.1:c6651328-6650404	QLTV01003388.1	100	925	0	0	1	925	6651328	6650404	0	1709
QLTV01003391.1:c3367778-3366803	QLTV01003391.1	100	976	0	0	1	976	3367778	3366803	0	1803
QLTV01003395.1:c431960-431054	QLTV01003395.1	100	907	0	0	1	907	431960	431054	0	1676
QLTV01003398.1:c1005420-1004496	QLTV01003398.1	100	925	0	0	1	925	1005420	1004496	0	1709
QLTV01003398.1:c748624-747667	QLTV01003398.1	100	958	0	0	1	958	748624	747667	0	1770
QLTV01003415.1:c218894-217938	QLTV01003415.1	100	957	0	0	1	957	218894	217938	0	1768
QLTV01003457.1:c1486938-1485981	QLTV01003457.1	100	958	0	0	1	958	1486938	1485981	0	1770
QLTV01003457.1:c776141-775168	QLTV01003457.1	100	974	0	0	1	974	776141	775168	0	1799
QLTV01003459.1:c706368-705464	QLTV01003459.1	100	905	0	0	1	905	706368	705464	0	1672
QLTV01003470.1:c1140212-1139229	QLTV01003470.1	100	984	0	0	1	984	1140212	1139229	0	1818
QLTV01003470.1:c834832-833851	QLTV01003470.1	100	982	0	0	1	982	834832	833851	0	1814
QLTV01003481.1:c870075-869103	QLTV01003481.1	100	973	0	0	1	973	870075	869103	0	1797
QLTV01003489.1:c97115-96145	QLTV01003489.1	100	971	0	0	1	971	97115	96145	0	1794
QLTV01003648.1:c1029732-1028763	QLTV01003648.1	100	970	0	0	1	970	1029732	1028763	0	1792
QLTV01003654.1:c3517526-3516618	QLTV01003654.1	100	909	0	0	1	909	3517526	3516618	0	1679
QLTV01003654.1:c5337098-5336194	QLTV01003654.1	100	905	0	0	1	905	5337098	5336194	0	1672
QLTV01003659.1:c429436-428523	QLTV01003659.1	100	914	0	0	1	914	429436	428523	0	1688
QLTV01003663.1:c2491644-2490653	QLTV01003663.1	100	992	0	0	1	992	2491644	2490653	0	1832
QLTV01003669.1:c1310983-1310041	QLTV01003669.1	100	943	0	0	1	943	1310983	1310041	0	1742
QLTV01003728.1:c1333724-1332809	QLTV01003728.1	100	916	0	0	1	916	1333724	1332809	0	1692
QLTV01003768.1:c377474-376525	QLTV01003768.1	100	950	0	0	1	950	377474	376525	0	1755
QLTV01003773.1:c806403-805492	QLTV01003773.1	100	912	0	0	1	912	806403	805492	0	1685
QLTV01003783.1:c313943-312944	QLTV01003783.1	100	1000	0	0	1	1000	313943	312944	0	1847
QLTV01003785.1:c316658-315695	QLTV01003785.1	100	964	0	0	1	964	316658	315695	0	1781
QLTV01003803.1:c1403959-1403033	QLTV01003803.1	100	927	0	0	1	927	1403959	1403033	0	1712
QLTV01003803.1:c1711649-1710699	QLTV01003803.1	100	951	0	0	1	951	1711649	1710699	0	1757
QLTV01003983.1:c676717-675765	QLTV01003983.1	100	953	0	0	1	953	676717	675765	0	1760
QLTV01003994.1:c2351760-2350831	QLTV01003994.1	100	930	0	0	1	930	2351760	2350831	0	1718
QLTV01004057.1:c16264-15314	QLTV01004057.1	100	951	0	0	1	951	16264	15314	0	1757
QLTV01004082.1:c1855630-1854680	QLTV01004082.1	100	951	0	0	1	951	1855630	1854680	0	1757
QLTV01004082.1:c3807920-3806923	QLTV01004082.1	100	998	0	0	1	998	3807920	3806923	0	1844
QLTV01004083.1:c449674-448685	QLTV01004083.1	100	990	0	0	1	990	449674	448685	0	1829
QLTV01004083.1:c449674-448711	QLTV01004083.1	100	964	0	0	1	964	449674	448711	0	1781
QLTV01004086.1:c7482648-7481744	QLTV01004086.1	100	905	0	0	1	905	7482648	7481744	0	1672
QLTV01004090.1:c531651-530714	QLTV01004090.1	100	938	0	0	1	938	531651	530714	0	1733
QLTV01004092.1:c641174-640236	QLTV01004092.1	100	939	0	0	1	939	641174	640236	0	1735
QLTV01004095.1:c335369-334446	QLTV01004095.1	100	924	0	0	1	924	335369	334446	0	1707
QLTV01004096.1:c216114-215203	QLTV01004096.1	100	912	0	0	1	912	216114	215203	0	1685
QLTV01004096.1:c868586-867606	QLTV01004096.1	100	981	0	0	1	981	868586	867606	0	1812
QLTV01004097.1:c1519961-1519019	QLTV01004097.1	100	943	0	0	1	943	1519961	1519019	0	1742
QLTV01004111.1:c239501-238583	QLTV01004111.1	100	919	0	0	1	919	239501	238583	0	1698
QLTV01004118.1:c1261588-1260643	QLTV01004118.1	100	946	0	0	1	946	1261588	1260643	0	1748
QLTV01004222.1:c2741737-2740748	QLTV01004222.1	100	990	0	0	1	990	2741737	2740748	0	1829
QLTV01004233.1:c3008832-3007891	QLTV01004233.1	100	942	0	0	1	942	3008832	3007891	0	1740
QLTV01004253.1:c311906-310966	QLTV01004253.1	100	941	0	0	1	941	311906	310966	0	1738
QLTV01004293.1:c215485-214564	QLTV01004293.1	100	922	0	0	1	922	215485	214564	0	1703
QLTV01004384.1:c28615-27658	QLTV01004384.1	100	958	0	0	1	958	28615	27658	0	1770
QLTV01004426.1:c1307194-1306221	QLTV01004426.1	100	478	0	0	497	974	1306698	1306221	0	883
QLTV01004426.1:c3939236-3938314	QLTV01004426.1	100	923	0	0	1	923	3939236	3938314	0	1705
QLTV01004454.1:c1446020-1445084	QLTV01004454.1	100	937	0	0	1	937	1446020	1445084	0	1731
QLTV01004460.1:c180574-179630	QLTV01004460.1	100	945	0	0	1	945	180574	179630	0	1746
QLTV01012193.1:c2287481-2286499	QLTV01012193.1	100	983	0	0	1	983	2287481	2286499	0	1816
QLTV01012194.1:c7788955-7787981	QLTV01012194.1	100	975	0	0	1	975	7788955	7787981	0	1801
QLTV01012195.1:c2221972-2221022	QLTV01012195.1	100	951	0	0	1	951	2221972	2221022	0	1757
QLTV01012198.1:c8318604-8317640	QLTV01012198.1	100	965	0	0	1	965	8318604	8317640	0	1783
QLTV01014916.1:c9133244-9132250	QLTV01014916.1	100	995	0	0	1	995	9133244	9132250	0	1838
QLTV01020729.1:c2758101-2757193	QLTV01020729.1	100	909	0	0	1	909	2758101	2757193	0	1679
