QLTV01000198.1:269300-270254	QLTV01000198.1	100	955	0	0	1	955	269300	270254	0	1764
QLTV01000211.1:1009779-1010749	QLTV01000211.1	100	971	0	0	1	971	1009779	1010749	0	1794
QLTV01000225.1:225770-226713	QLTV01000225.1	100	944	0	0	1	944	225770	226713	0	1744
QLTV01000240.1:1441741-1442660	QLTV01000240.1	100	920	0	0	1	920	1441741	1442660	0	1700
QLTV01000240.1:9171-10134	QLTV01000240.1	100	964	0	0	1	964	9171	10134	0	1781
QLTV01000374.1:1051541-1052489	QLTV01000374.1	100	949	0	0	1	949	1051541	1052489	0	1753
QLTV01000374.1:361307-362226	QLTV01000374.1	100	920	0	0	1	920	361307	362226	0	1700
QLTV01000374.1:361307-362253	QLTV01000374.1	100	947	0	0	1	947	361307	362253	0	1749
QLTV01000398.1:213792-214725	QLTV01000398.1	100	934	0	0	1	934	213792	214725	0	1725
QLTV01000419.1:4359824-4360808	QLTV01000419.1	100	985	0	0	1	985	4359824	4360808	0	1820
QLTV01000548.1:3044260-3045234	QLTV01000548.1	100	975	0	0	1	975	3044260	3045234	0	1801
QLTV01000577.1:618061-619037	QLTV01000577.1	100	977	0	0	1	977	618061	619037	0	1805
QLTV01000582.1:1212576-1213542	QLTV01000582.1	100	967	0	0	1	967	1212576	1213542	0	1786
QLTV01000592.1:285284-286283	QLTV01000592.1	100	1000	0	0	1	1000	285284	286283	0	1847
QLTV01000601.1:336261-337163	QLTV01000601.1	100	903	0	0	1	903	336261	337163	0	1668
QLTV01000602.1:406466-407456	QLTV01000602.1	100	991	0	0	1	991	406466	407456	0	1831
QLTV01000613.1:339185-340130	QLTV01000613.1	100	946	0	0	1	946	339185	340130	0	1748
QLTV01000613.1:3872236-3873137	QLTV01000613.1	100	902	0	0	1	902	3872236	3873137	0	1666
QLTV01000635.1:763718-764681	QLTV01000635.1	100	964	0	0	1	964	763718	764681	0	1781
QLTV01000783.1:1055456-1056373	QLTV01000783.1	100	918	0	0	1	918	1055456	1056373	0	1696
QLTV01000804.1:762606-763582	QLTV01000804.1	100	977	0	0	1	977	762606	763582	0	1805
QLTV01000831.1:332501-333481	QLTV01000831.1	100	981	0	0	1	981	332501	333481	0	1812
QLTV01000832.1:29411-30403	QLTV01000832.1	100	993	0	0	1	993	29411	30403	0	1834
QLTV01000850.1:2351412-2352315	QLTV01000850.1	100	904	0	0	1	904	2351412	2352315	0	1670
QLTV01000967.1:2238054-2239009	QLTV01000967.1	100	956	0	0	1	956	2238054	2239009	0	1766
QLTV01000972.1:3991616-3992520	QLTV01000972.1	100	905	0	0	1	905	3991616	3992520	0	1672
QLTV01000974.1:6209870-6210773	QLTV01000974.1	100	904	0	0	1	904	6209870	6210773	0	1670
QLTV01000981.1:1971835-1972788	QLTV01000981.1	100	954	0	0	1	954	1971835	1972788	0	1762
QLTV01000994.1:1110423-1111363	QLTV01000994.1	100	941	0	0	1	941	1110423	1111363	0	1738
QLTV01001007.1:2168320-2169298	QLTV01001007.1	100	979	0	0	1	979	2168320	2169298	0	1808
QLTV01001010.1:938567-939544	QLTV01001010.1	100	978	0	0	1	978	938567	939544	0	1807
QLTV01001021.1:1321637-1322636	QLTV01001021.1	100	1000	0	0	1	1000	1321637	1322636	0	1847
QLTV01001021.1:23918-24831	QLTV01001021.1	100	914	0	0	1	914	23918	24831	0	1688
QLTV01001121.1:244133-245073	QLTV01001121.1	100	941	0	0	1	941	244133	245073	0	1738
QLTV01001123.1:836279-837223	QLTV01001123.1	100	945	0	0	1	945	836279	837223	0	1746
QLTV01001142.1:86130-87102	QLTV01001142.1	100	973	0	0	1	973	86130	87102	0	1797
QLTV01001167.1:79657-80600	QLTV01001167.1	100	944	0	0	1	944	79657	80600	0	1744
QLTV01001172.1:29324-30278	QLTV01001172.1	100	955	0	0	1	955	29324	30278	0	1764
QLTV01001172.1:489528-490452	QLTV01001172.1	100	925	0	0	1	925	489528	490452	0	1709
QLTV01001320.1:1274828-1275781	QLTV01001320.1	100	954	0	0	1	954	1274828	1275781	0	1762
QLTV01001324.1:484905-485825	QLTV01001324.1	100	921	0	0	1	921	484905	485825	0	1701
QLTV01001336.1:1573906-1574874	QLTV01001336.1	100	969	0	0	1	969	1573906	1574874	0	1790
QLTV01001370.1:505287-506190	QLTV01001370.1	100	904	0	0	1	904	505287	506190	0	1670
QLTV01001459.1:187585-188493	QLTV01001459.1	100	909	0	0	1	909	187585	188493	0	1679
QLTV01001461.1:260984-261915	QLTV01001461.1	100	932	0	0	1	932	260984	261915	0	1722
QLTV01001483.1:4727669-4728649	QLTV01001483.1	100	981	0	0	1	981	4727669	4728649	0	1812
QLTV01001483.1:488655-489569	QLTV01001483.1	100	915	0	0	1	915	488655	489569	0	1690
QLTV01001572.1:38474-39377	QLTV01001572.1	100	904	0	0	1	904	38474	39377	0	1670
QLTV01001572.1:38474-39397	QLTV01001572.1	100	924	0	0	1	924	38474	39397	0	1707
QLTV01001588.1:62096-63035	QLTV01001588.1	100	940	0	0	1	940	62096	63035	0	1736
QLTV01001684.1:1805699-1806603	QLTV01001684.1	100	905	0	0	1	905	1805699	1806603	0	1672
QLTV01001684.1:4341042-4341956	QLTV01001684.1	100	915	0	0	1	915	4341042	4341956	0	1690
QLTV01001698.1:15465613-15466556	QLTV01001698.1	100	944	0	0	1	944	15465613	15466556	0	1744
QLTV01001698.1:2116151-2117061	QLTV01001698.1	100	911	0	0	1	911	2116151	2117061	0	1683
QLTV01001713.1:218325-219256	QLTV01001713.1	100	932	0	0	1	932	218325	219256	0	1722
QLTV01001726.1:519585-520570	QLTV01001726.1	100	986	0	0	1	986	519585	520570	0	1821
QLTV01001726.1:523446-524435	QLTV01001726.1	100	990	0	0	1	990	523446	524435	0	1829
QLTV01001733.1:299105-300017	QLTV01001733.1	100	913	0	0	1	913	299105	300017	0	1687
QLTV01001740.1:249963-250923	QLTV01001740.1	100	961	0	0	1	961	249963	250923	0	1775
QLTV01001797.1:170386-171379	QLTV01001797.1	100	994	0	0	1	994	170386	171379	0	1836
QLTV01001823.1:1171542-1172463	QLTV01001823.1	100	922	0	0	1	922	1171542	1172463	0	1703
QLTV01001849.1:3319155-3320113	QLTV01001849.1	100	959	0	0	1	959	3319155	3320113	0	1772
QLTV01001997.1:2433323-2434272	QLTV01001997.1	100	950	0	0	1	950	2433323	2434272	0	1755
QLTV01002011.1:742791-743742	QLTV01002011.1	100	952	0	0	1	952	742791	743742	0	1759
QLTV01002018.1:739423-740395	QLTV01002018.1	100	973	0	0	1	973	739423	740395	0	1797
QLTV01002140.1:1882286-1883214	QLTV01002140.1	100	929	0	0	1	929	1882286	1883214	0	1716
QLTV01002141.1:1465566-1466487	QLTV01002141.1	100	922	0	0	1	922	1465566	1466487	0	1703
QLTV01002141.1:4416111-4417029	QLTV01002141.1	100	919	0	0	1	919	4416111	4417029	0	1698
QLTV01002258.1:1190438-1191425	QLTV01002258.1	100	988	0	0	1	988	1190438	1191425	0	1825
QLTV01002260.1:2382021-2382925	QLTV01002260.1	100	905	0	0	1	905	2382021	2382925	0	1672
QLTV01002260.1:5031452-5032408	QLTV01002260.1	100	957	0	0	1	957	5031452	5032408	0	1768
QLTV01002264.1:1000944-1001932	QLTV01002264.1	100	989	0	0	1	989	1000944	1001932	0	1827
QLTV01002264.1:562178-563091	QLTV01002264.1	100	914	0	0	1	914	562178	563091	0	1688
QLTV01002273.1:857142-858124	QLTV01002273.1	100	472	0	0	1	472	857142	857613	0	872
QLTV01002278.1:1748026-1748942	QLTV01002278.1	100	917	0	0	1	917	1748026	1748942	0	1694
QLTV01002414.1:1236201-1237117	QLTV01002414.1	100	917	0	0	1	917	1236201	1237117	0	1694
QLTV01002419.1:2517428-2518394	QLTV01002419.1	100	967	0	0	1	967	2517428	2518394	0	1786
QLTV01002419.1:6397637-6398562	QLTV01002419.1	100	926	0	0	1	926	6397637	6398562	0	1711
QLTV01002426.1:646424-647339	QLTV01002426.1	100	916	0	0	1	916	646424	647339	0	1692
QLTV01002442.1:292530-293455	QLTV01002442.1	100	926	0	0	1	926	292530	293455	0	1711
QLTV01002442.1:325418-326379	QLTV01002442.1	100	962	0	0	1	962	325418	326379	0	1777
QLTV01002442.1:473972-474901	QLTV01002442.1	100	930	0	0	1	930	473972	474901	0	1718
QLTV01002530.1:1246868-1247813	QLTV01002530.1	100	946	0	0	1	946	1246868	1247813	0	1748
QLTV01002530.1:1246868-1247852	QLTV01002530.1	100	985	0	0	1	985	1246868	1247852	0	1820
QLTV01002530.1:4037005-4037963	QLTV01002530.1	100	959	0	0	1	959	4037005	4037963	0	1772
QLTV01002530.1:4518902-4519887	QLTV01002530.1	100	986	0	0	1	986	4518902	4519887	0	1821
QLTV01002538.1:34682-35590	QLTV01002538.1	100	909	0	0	1	909	34682	35590	0	1679
QLTV01002544.1:1011361-1012268	QLTV01002544.1	100	908	0	0	1	908	1011361	1012268	0	1677
QLTV01002554.1:705287-706252	QLTV01002554.1	100	966	0	0	1	966	705287	706252	0	1784
QLTV01002555.1:692792-693717	QLTV01002555.1	100	926	0	0	1	926	692792	693717	0	1711
QLTV01002680.1:1376133-1377068	QLTV01002680.1	100	936	0	0	1	936	1376133	1377068	0	1729
QLTV01002691.1:853242-854203	QLTV01002691.1	100	962	0	0	1	962	853242	854203	0	1777
QLTV01002693.1:1933158-1934073	QLTV01002693.1	100	916	0	0	1	916	1933158	1934073	0	1692
QLTV01002694.1:2560030-2560981	QLTV01002694.1	100	952	0	0	1	952	2560030	2560981	0	1759
QLTV01002702.1:5721237-5722231	QLTV01002702.1	100	995	0	0	1	995	5721237	5722231	0	1838
QLTV01002713.1:63442-64400	QLTV01002713.1	100	959	0	0	1	959	63442	64400	0	1772
QLTV01002718.1:222777-223774	QLTV01002718.1	100	998	0	0	1	998	222777	223774	0	1844
QLTV01002718.1:2336898-2337817	QLTV01002718.1	100	920	0	0	1	920	2336898	2337817	0	1700
QLTV01002718.1:3423701-3424624	QLTV01002718.1	100	924	0	0	1	924	3423701	3424624	0	1707
QLTV01002719.1:131043-131944	QLTV01002719.1	100	902	0	0	1	902	131043	131944	0	1666
QLTV01002827.1:106879-107823	QLTV01002827.1	100	945	0	0	1	945	106879	107823	0	1746
QLTV01002840.1:1682690-1683637	QLTV01002840.1	100	948	0	0	1	948	1682690	1683637	0	1751
QLTV01002840.1:277428-278369	QLTV01002840.1	100	942	0	0	1	942	277428	278369	0	1740
QLTV01002845.1:3972073-3973070	QLTV01002845.1	100	998	0	0	1	998	3972073	3973070	0	1844
QLTV01002845.1:4905855-4906796	QLTV01002845.1	100	942	0	0	1	942	4905855	4906796	0	1740
QLTV01002878.1:249609-250593	QLTV01002878.1	100	985	0	0	1	985	249609	250593	0	1820
QLTV01002925.1:1621165-1622109	QLTV01002925.1	100	945	0	0	1	945	1621165	1622109	0	1746
QLTV01002925.1:3933505-3934429	QLTV01002925.1	100	925	0	0	1	925	3933505	3934429	0	1709
QLTV01002925.1:724207-725168	QLTV01002925.1	100	962	0	0	1	962	724207	725168	0	1777
QLTV01002927.1:140628-141615	QLTV01002927.1	100	988	0	0	1	988	140628	141615	0	1825
QLTV01002927.1:987112-988072	QLTV01002927.1	100	961	0	0	1	961	987112	988072	0	1775
QLTV01002955.1:160839-161835	QLTV01002955.1	100	997	0	0	1	997	160839	161835	0	1842
QLTV01002982.1:185703-186604	QLTV01002982.1	100	902	0	0	1	902	185703	186604	0	1666
QLTV01003097.1:734567-735562	QLTV01003097.1	100	996	0	0	1	996	734567	735562	0	1840
QLTV01003104.1:814750-815672	QLTV01003104.1	100	923	0	0	1	923	814750	815672	0	1701
QLTV01003111.1:128974-129899	QLTV01003111.1	100	926	0	0	1	926	128974	129899	0	1711
QLTV01003111.1:32676-33673	QLTV01003111.1	100	998	0	0	1	998	32676	33673	0	1844
QLTV01003123.1:1101521-1102462	QLTV01003123.1	100	942	0	0	1	942	1101521	1102462	0	1740
QLTV01003132.1:624182-625098	QLTV01003132.1	100	917	0	0	1	917	624182	625098	0	1694
QLTV01003277.1:37217-38138	QLTV01003277.1	100	922	0	0	1	922	37217	38138	0	1703
QLTV01003285.1:706407-707338	QLTV01003285.1	100	932	0	0	1	932	706407	707338	0	1722
QLTV01003294.1:998706-999625	QLTV01003294.1	100	920	0	0	1	920	998706	999625	0	1700
QLTV01003313.1:415157-416065	QLTV01003313.1	100	909	0	0	1	909	415157	416065	0	1679
QLTV01003388.1:1784581-1785566	QLTV01003388.1	100	986	0	0	1	986	1784581	1785566	0	1821
QLTV01003388.1:1881361-1882356	QLTV01003388.1	100	996	0	0	1	996	1881361	1882356	0	1840
QLTV01003388.1:3358793-3359739	QLTV01003388.1	100	947	0	0	1	947	3358793	3359739	0	1749
QLTV01003390.1:1014115-1015018	QLTV01003390.1	100	904	0	0	1	904	1014115	1015018	0	1670
QLTV01003390.1:2058481-2059402	QLTV01003390.1	100	922	0	0	1	922	2058481	2059402	0	1703
QLTV01003391.1:2921542-2922457	QLTV01003391.1	100	916	0	0	1	916	2921542	2922457	0	1692
QLTV01003392.1:191767-192734	QLTV01003392.1	100	968	0	0	1	968	191767	192734	0	1788
QLTV01003397.1:384496-385479	QLTV01003397.1	100	984	0	0	1	984	384496	385479	0	1818
QLTV01003401.1:1036483-1037427	QLTV01003401.1	100	945	0	0	1	945	1036483	1037427	0	1746
QLTV01003402.1:1548676-1549660	QLTV01003402.1	100	985	0	0	1	985	1548676	1549660	0	1820
QLTV01003426.1:32077-33030	QLTV01003426.1	100	954	0	0	1	954	32077	33030	0	1762
QLTV01003432.1:279358-280302	QLTV01003432.1	100	945	0	0	1	945	279358	280302	0	1746
QLTV01003442.1:1023125-1024064	QLTV01003442.1	100	940	0	0	1	940	1023125	1024064	0	1736
QLTV01003456.1:3891325-3892312	QLTV01003456.1	100	988	0	0	1	988	3891325	3892312	0	1825
QLTV01003457.1:505121-506038	QLTV01003457.1	100	918	0	0	1	918	505121	506038	0	1696
QLTV01003459.1:787808-788800	QLTV01003459.1	100	993	0	0	1	993	787808	788800	0	1834
QLTV01003467.1:348560-349555	QLTV01003467.1	100	996	0	0	1	996	348560	349555	0	1840
QLTV01003479.1:2635221-2636155	QLTV01003479.1	100	935	0	0	1	935	2635221	2636155	0	1727
QLTV01003654.1:1053531-1054447	QLTV01003654.1	100	917	0	0	1	917	1053531	1054447	0	1694
QLTV01003654.1:1292361-1293344	QLTV01003654.1	100	984	0	0	1	984	1292361	1293344	0	1818
QLTV01003654.1:626392-627359	QLTV01003654.1	100	968	0	0	1	968	626392	627359	0	1788
QLTV01003675.1:409568-410517	QLTV01003675.1	100	950	0	0	1	950	409568	410517	0	1755
QLTV01003677.1:171130-172102	QLTV01003677.1	100	973	0	0	1	973	171130	172102	0	1797
QLTV01003690.1:1664629-1665567	QLTV01003690.1	100	939	0	0	1	939	1664629	1665567	0	1735
QLTV01003690.1:2161335-2162240	QLTV01003690.1	100	906	0	0	1	906	2161335	2162240	0	1674
QLTV01003760.1:841880-842808	QLTV01003760.1	100	929	0	0	1	929	841880	842808	0	1716
QLTV01003771.1:2630430-2631357	QLTV01003771.1	100	928	0	0	1	928	2630430	2631357	0	1714
QLTV01003771.1:3545667-3546617	QLTV01003771.1	100	951	0	0	1	951	3545667	3546617	0	1757
QLTV01003783.1:360262-361241	QLTV01003783.1	100	980	0	0	1	980	360262	361241	0	1810
QLTV01003783.1:973950-974897	QLTV01003783.1	100	948	0	0	1	948	973950	974897	0	1751
QLTV01003789.1:299634-300579	QLTV01003789.1	100	946	0	0	1	946	299634	300579	0	1748
QLTV01003900.1:1993756-1994749	QLTV01003900.1	100	994	0	0	1	994	1993756	1994749	0	1836
QLTV01003962.1:386473-387462	QLTV01003962.1	100	990	0	0	1	990	386473	387462	0	1829
QLTV01003964.1:171777-172753	QLTV01003964.1	100	977	0	0	1	977	171777	172753	0	1805
QLTV01003982.1:392677-393598	QLTV01003982.1	100	922	0	0	1	922	392677	393598	0	1703
QLTV01003983.1:316948-317891	QLTV01003983.1	100	944	0	0	1	944	316948	317891	0	1744
QLTV01003984.1:665732-666680	QLTV01003984.1	100	949	0	0	1	949	665732	666680	0	1753
QLTV01004007.1:1152482-1153414	QLTV01004007.1	100	933	0	0	1	933	1152482	1153414	0	1724
QLTV01004082.1:6189833-6190760	QLTV01004082.1	100	928	0	0	1	928	6189833	6190760	0	1714
QLTV01004083.1:1746589-1747497	QLTV01004083.1	100	909	0	0	1	909	1746589	1747497	0	1679
QLTV01004095.1:551642-552638	QLTV01004095.1	100	997	0	0	1	997	551642	552638	0	1842
QLTV01004096.1:621766-622703	QLTV01004096.1	100	938	0	0	1	938	621766	622703	0	1711
QLTV01004097.1:2251738-2252724	QLTV01004097.1	100	987	0	0	1	987	2251738	2252724	0	1823
QLTV01004100.1:2660610-2661588	QLTV01004100.1	100	979	0	0	1	979	2660610	2661588	0	1808
QLTV01004146.1:2881941-2882930	QLTV01004146.1	100	990	0	0	1	990	2881941	2882930	0	1829
QLTV01004222.1:2396980-2397957	QLTV01004222.1	100	978	0	0	1	978	2396980	2397957	0	1807
QLTV01004222.1:2397032-2397957	QLTV01004222.1	100	926	0	0	1	926	2397032	2397957	0	1711
QLTV01004222.1:2793418-2794329	QLTV01004222.1	100	912	0	0	1	912	2793418	2794329	0	1685
QLTV01004232.1:188994-189933	QLTV01004232.1	100	940	0	0	1	940	188994	189933	0	1736
QLTV01004232.1:313408-314317	QLTV01004232.1	100	910	0	0	1	910	313408	314317	0	1681
QLTV01004237.1:1333547-1334476	QLTV01004237.1	100	930	0	0	1	930	1333547	1334476	0	1718
QLTV01004242.1:1340941-1341925	QLTV01004242.1	100	985	0	0	1	985	1340941	1341925	0	1820
QLTV01004245.1:1207620-1208563	QLTV01004245.1	100	944	0	0	1	944	1207620	1208563	0	1744
QLTV01004253.1:1929474-1930386	QLTV01004253.1	100	913	0	0	1	913	1929474	1930386	0	1687
QLTV01004256.1:3682832-3683792	QLTV01004256.1	100	961	0	0	1	961	3682832	3683792	0	1775
QLTV01004257.1:2606037-2606981	QLTV01004257.1	100	945	0	0	1	945	2606037	2606981	0	1746
QLTV01004279.1:2038339-2039287	QLTV01004279.1	100	949	0	0	1	949	2038339	2039287	0	1753
QLTV01004279.1:2038350-2039287	QLTV01004279.1	100	938	0	0	1	938	2038350	2039287	0	1733
QLTV01004293.1:158596-159532	QLTV01004293.1	100	937	0	0	1	937	158596	159532	0	1731
QLTV01004386.1:234140-235052	QLTV01004386.1	100	913	0	0	1	913	234140	235052	0	1687
QLTV01004389.1:809128-810084	QLTV01004389.1	100	957	0	0	1	957	809128	810084	0	1768
QLTV01004393.1:746305-747237	QLTV01004393.1	100	933	0	0	1	933	746305	747237	0	1724
QLTV01004403.1:4098702-4099688	QLTV01004403.1	100	987	0	0	1	987	4098702	4099688	0	1823
QLTV01004416.1:284531-285454	QLTV01004416.1	100	924	0	0	1	924	284531	285454	0	1707
QLTV01004445.1:1811248-1812188	QLTV01004445.1	100	941	0	0	1	941	1811248	1812188	0	1738
QLTV01004454.1:1734469-1735387	QLTV01004454.1	100	919	0	0	1	919	1734469	1735387	0	1698
QLTV01009056.1:2625345-2626291	QLTV01009056.1	100	947	0	0	1	947	2625345	2626291	0	1749
QLTV01012191.1:1332589-1333550	QLTV01012191.1	100	962	0	0	1	962	1332589	1333550	0	1777
QLTV01012194.1:1329033-1329940	QLTV01012194.1	100	908	0	0	1	908	1329033	1329940	0	1677
QLTV01012195.1:323899-324839	QLTV01012195.1	100	941	0	0	1	941	323899	324839	0	1738
QLTV01020412.1:1-995	QLTV01020412.1	100	995	0	0	1	995	1	995	0	1838
QLTV01020729.1:308925-309902	QLTV01020729.1	100	978	0	0	1	978	308925	309902	0	1807
